1000	8
-0.709706	0.396861	-0.715312	-0.355334	0.750114	0.166980	0.540444	0.289017
0.096382	-0.844392	0.417310	-0.093425	0.964720	-0.141944	0.720952	1.720002
0.544411	0.159285	-0.246977	-0.544637	0.124786	-0.116906	-0.539770	0.630444
-0.952763	-0.957547	0.709552	-0.458377	-0.357807	0.160402	-0.667203	-1.074201
0.849890	0.764879	-0.061135	0.569471	0.856220	0.473090	1.902512	6.545916
-0.760662	-0.095512	-0.856954	0.111628	-0.358047	-0.892115	-1.115588	-3.110706
-0.183984	-0.536788	0.336598	0.662280	-0.808873	-0.343178	-0.490296	-0.882838
-0.702737	0.301690	-0.728340	0.370163	0.863685	0.189677	1.431958	2.439471
-0.593834	-0.727327	-0.548049	0.340569	0.334516	0.907952	1.580225	2.417365
0.601483	-0.775017	0.842644	-0.535051	-0.908326	-0.727475	-2.163499	-3.248491
0.832066	0.236233	0.634017	0.213643	0.090707	-0.970612	-0.670691	1.971332
-0.871915	0.496453	-0.817312	-0.680714	0.956971	-0.325114	-0.058246	-0.512789
-0.110139	-0.780777	-0.958040	-0.173263	-0.931730	-0.908837	-2.012742	-3.822016
0.016669	-0.691015	-0.107515	0.173037	0.662789	-0.117362	0.725022	1.694625
-0.723473	0.328188	0.084313	-0.069081	0.226065	0.873583	1.043937	2.333578
-0.506325	0.269294	-0.182664	0.586815	0.426466	-0.694371	0.321113	1.462158
0.389268	0.994097	0.297519	-0.518663	-0.669227	0.816405	-0.377221	2.197576
0.884610	-0.866442	-0.021997	-0.758222	0.601843	0.226099	0.088448	0.876763
0.298758	-0.093708	-0.026555	0.703765	0.534118	0.064188	1.308581	3.117665
0.833420	-0.719284	0.242974	0.005634	-0.967756	0.449698	-0.508903	0.204420
0.119175	-0.207949	-0.078712	0.500156	-0.413159	0.659834	0.747361	2.644135
-0.681962	0.611356	0.330409	0.924571	0.753504	0.319396	2.004798	5.303378
-0.926510	-0.693290	-0.328757	0.495943	0.251774	-0.230258	0.528450	0.915289
0.281724	-0.281904	0.732754	-0.346856	-0.344299	0.045456	-0.662424	0.362290
0.350887	-0.298818	0.788041	-0.814238	0.659858	0.632967	0.475771	2.855182
-0.990103	-0.656875	0.702905	-0.230673	0.319925	-0.023247	0.075012	-0.316984
0.165514	0.048257	-0.250846	-0.147417	-0.109120	0.514780	0.255618	1.436748
-0.158113	-0.524685	0.181754	-0.444731	-0.845057	-0.216205	-1.492653	-1.736972
-0.168435	-0.340725	0.535472	0.896160	0.888169	-0.758117	0.988535	3.262456
0.312881	0.429989	-0.145075	-0.386428	-0.075657	-0.537976	-1.013513	-0.827906
-0.754203	0.004166	-0.920525	-0.374029	0.528301	0.723481	0.892037	0.429319
-0.079848	0.556711	0.671526	-0.567648	0.999107	-0.385591	0.049492	1.937671
0.686278	-0.580922	0.322690	0.506574	0.988108	-0.853056	0.638552	1.747857
0.638078	0.610607	-0.422443	-0.018474	0.724426	-0.593987	0.124004	1.963544
-0.808294	0.054108	-0.070618	0.816291	0.327087	0.925113	2.073193	2.867466
-0.308353	-0.742525	-0.091040	0.910080	-0.461096	0.162106	0.584814	0.091224
0.855117	0.675351	-0.166959	0.774580	-0.019942	-0.721818	0.021705	1.939834
0.493566	0.792369	0.155280	-0.657695	0.470755	0.059463	-0.130519	3.426308
-0.407348	-0.929057	0.887151	-0.314829	0.529587	0.620299	0.838112	2.454141
0.945570	0.454697	-0.419631	-0.921269	-0.087491	0.845105	-0.159203	0.231590
0.527740	-0.022043	0.170073	-0.455416	-0.673328	-0.996912	-2.128738	-1.760032
0.661222	0.043357	0.105138	-0.626399	-0.379568	0.160237	-0.843721	0.122920
-0.919785	0.953517	-0.373487	0.083720	-0.865156	-0.313729	-1.097284	-2.680419
0.131939	-0.625921	0.310019	-0.356261	-0.573616	0.065853	-0.863398	-0.606676
-0.950968	0.535905	-0.024756	0.517613	-0.937770	-0.552678	-0.963542	-1.382070
0.959887	-0.747428	-0.637579	0.880603	-0.898934	0.250973	0.247779	1.243647
-0.700094	0.935508	-0.505490	-0.363151	0.385272	0.245962	0.260264	0.643022
0.637856	0.845823	-0.438492	0.366107	-0.700796	-0.937097	-1.282592	0.423252
-0.219119	-0.512495	0.560699	-0.106576	0.718316	0.688632	1.295248	3.114465
0.867487	-0.323985	-0.707605	0.527078	0.847660	-0.013400	1.379875	3.281592
0.105074	0.043672	-0.715059	0.296665	-0.415521	-0.119865	-0.238517	-1.276544
-0.267369	-0.104222	-0.268133	-0.053358	-0.764305	-0.340854	-1.156712	-1.496490
-0.526268	-0.624771	0.212247	0.943587	-0.646776	0.438447	0.740570	2.030921
0.278739	0.052971	0.930276	-0.976664	-0.818961	-0.913501	-2.718321	-3.344557
0.361314	0.498793	0.969742	-0.958374	-0.460235	-0.339139	-1.769869	-0.323567
0.383292	0.585808	0.072214	0.999125	-0.293874	-0.625100	0.085774	1.858603
0.234647	0.985599	0.907617	-0.879976	-0.065123	0.502703	-0.455450	1.715932
0.627095	0.464388	-0.412085	0.029265	0.872848	0.176952	1.094420	4.127022
-0.526418	0.343393	-0.454075	-0.258278	-0.119071	0.551434	0.172618	0.169639
0.368187	0.570833	0.538075	0.777823	-0.523856	0.251815	0.508715	2.490202
0.328514	0.499500	0.908248	0.257656	0.324960	-0.385093	0.210304	2.461569
0.847657	-0.677991	0.225292	-0.557843	-0.919481	0.546604	-0.919209	-2.104140
-0.793131	0.814126	0.993308	-0.507072	0.121072	0.000536	-0.378108	0.052181
-0.648702	0.774383	0.325306	0.131300	0.363285	0.027898	0.523030	2.588112
0.506928	0.503951	0.159724	0.115792	0.049826	-0.727669	-0.560257	1.300362
0.097814	0.339218	-0.381406	-0.013840	-0.693719	0.868319	0.157005	2.025452
0.718789	0.696614	0.556016	0.129550	-0.216063	0.352229	0.243572	4.395471
0.628302	0.964734	-0.089148	0.588261	-0.983370	-0.766906	-1.182382	0.291822
0.716159	-0.845092	0.799156	0.590839	0.729697	-0.731110	0.594365	3.347318
0.981333	0.422773	0.747441	0.787165	-0.880357	-0.344412	-0.433787	2.100472
-0.072124	-0.676146	0.200300	0.624060	-0.685535	-0.945331	-1.013529	-1.084573
-0.473114	-0.441892	-0.198922	-0.818393	0.681782	0.121662	-0.009426	-0.323540
0.616432	-0.925316	0.472200	0.749680	0.785784	-0.570442	0.970351	2.266894
0.443399	-0.092807	-0.057840	-0.525100	0.833683	0.440052	0.741336	3.833901
0.497062	-0.409296	-0.747233	-0.600491	0.371243	-0.233977	-0.466244	-1.748250
0.619417	0.166084	0.181667	-0.691426	-0.063142	-0.781055	-1.532290	-3.400455
0.095809	0.711235	0.483769	-0.574804	-0.053993	-0.422097	-1.057935	-0.789287
0.094315	-0.448915	-0.141179	0.717352	-0.016748	0.678438	1.371044	2.095403
0.863463	0.536917	-0.385564	0.649923	-0.802770	-0.856858	-1.003425	-0.100536
0.590991	0.779862	0.328112	0.318324	-0.954960	0.550253	-0.082753	2.315698
-0.465316	-0.384158	-0.169001	-0.323098	-0.478786	-0.377277	-1.171841	-2.972152
-0.421421	0.660746	-0.308928	-0.407583	-0.784719	0.059027	-1.150684	-2.294367
0.062870	-0.320349	0.364153	-0.372695	-0.967937	-0.297646	-1.637734	-1.565739
0.696785	-0.518842	0.786283	-0.027559	0.717802	0.909567	1.595817	5.394768
0.484160	-0.003955	-0.879199	0.840584	-0.416360	0.533857	0.948309	1.248909
-0.569832	-0.412805	-0.039540	-0.328095	0.147912	-0.322444	-0.521854	-1.878731
0.575927	-0.678226	0.124007	-0.402614	-0.985401	0.521950	-0.861876	0.076455
-0.821164	-0.778677	0.615039	-0.701444	0.080244	-0.085598	-0.702725	-0.685065
0.517098	0.829262	0.134644	-0.239306	-0.809347	-0.948214	-1.991412	-1.467080
-0.600383	-0.657373	0.466685	0.663535	0.440969	0.890221	1.977567	3.537028
0.741616	-0.470438	-0.378056	-0.374233	-0.608258	0.625945	-0.354362	0.754679
-0.302070	0.698158	0.409979	0.696197	0.524026	-0.977328	0.244653	2.057470
0.360003	0.027677	-0.389208	0.861644	-0.381406	-0.408394	0.077391	0.764692
-0.253438	0.338267	0.405808	0.749207	-0.209601	0.512521	1.033263	3.852705
0.555674	0.432714	0.827215	0.046600	-0.449015	-0.710978	-1.131915	0.066539
0.485781	0.034055	-0.011930	-0.844130	-0.252797	-0.906324	-2.006673	-3.365482
-0.294211	-0.128171	0.984574	-0.425823	-0.102230	-0.308595	-0.851983	0.585301
0.609905	0.355016	-0.498843	-0.402610	-0.665551	0.186365	-0.877351	-0.874260
-0.989862	-0.335302	0.051111	-0.126004	-0.556420	0.126543	-0.557530	-0.880319
-0.848962	0.415060	0.235649	-0.597254	0.198872	-0.000030	-0.399065	2.074164
-0.231903	-0.462366	-0.849277	-0.233165	0.451572	0.397639	0.620109	1.234689
0.361511	-0.363499	-0.196885	0.866564	-0.259274	0.547191	1.140132	2.607906
0.152349	0.422451	-0.893888	0.402115	-0.760071	0.779483	0.409117	2.735091
0.974977	-0.690057	0.550625	0.165011	0.014724	-0.728998	-0.558339	0.894866
-0.151849	0.028763	-0.073526	-0.736934	-0.403308	-0.490916	-1.608552	-1.229710
-0.279353	-0.223273	-0.542404	0.494340	0.696671	0.070304	1.257019	2.568246
-0.593742	0.285998	0.746626	0.010455	0.426016	-0.211302	0.222890	2.899131
-0.290926	-0.768628	-0.322010	0.576752	0.018513	0.345216	0.953300	1.664181
-0.008889	0.633381	-0.657847	0.922073	-0.708333	0.893600	1.096496	3.352245
0.049028	0.068287	-0.983954	0.419643	0.627829	-0.848535	0.205028	-0.393190
0.601615	0.102455	0.609437	0.543366	0.370704	0.290946	1.194224	4.367130
-0.203154	-0.911940	0.374287	-0.779192	0.219070	0.175600	-0.386617	-1.463113
0.725397	-0.205787	0.944627	-0.732584	-0.255127	0.122408	-0.847532	0.124186
-0.325788	0.716009	0.444129	-0.054390	-0.900900	0.942692	-0.014930	1.526732
-0.597971	-0.435398	0.837169	-0.678804	0.030564	-0.542829	-1.178237	-2.275799
-0.038994	-0.060717	-0.180257	0.427745	-0.322496	-0.538932	-0.426736	0.461425
0.322817	-0.161810	-0.240568	-0.110847	0.361694	0.773991	1.044636	2.631767
0.689610	-0.797423	0.338527	0.723535	-0.211342	0.948867	1.459641	4.366875
0.134209	0.981011	0.268822	0.579016	0.814979	-0.041347	1.346696	4.182614
-0.464630	0.181606	0.095127	-0.600807	0.599219	-0.143943	-0.153401	0.240829
0.523124	0.810207	0.267873	0.292287	-0.447044	0.594678	0.439209	3.275513
-0.220098	0.576054	-0.757093	-0.893161	-0.475146	0.603933	-0.770581	-1.812905
0.303780	-0.572863	-0.779055	0.413177	-0.968149	-0.639916	-1.199193	-2.651406
-0.448648	0.386648	-0.944291	0.104531	0.634907	-0.985621	-0.250893	-0.589478
0.491765	0.628581	-0.491785	0.333103	0.269410	-0.100681	0.498491	1.137374
-0.169375	-0.133454	0.508387	-0.662472	0.686456	0.579821	0.595958	2.900698
0.065364	-0.735596	-0.027425	-0.974564	0.149536	0.315464	-0.498617	-0.788135
-0.131521	-0.338322	0.321885	0.090023	-0.915221	-0.485291	-1.314852	-1.804975
-0.030596	0.288076	0.750001	0.588615	-0.748868	-0.402649	-0.563219	1.647718
0.378183	-0.783555	0.800744	0.992036	-0.628057	-0.193923	0.182724	1.187775
0.735476	-0.963290	0.287445	-0.695597	-0.343664	-0.994568	-2.054415	-2.724851
0.335671	-0.065671	-0.293253	-0.410395	-0.384281	-0.618824	-1.417361	-1.806076
-0.790543	0.134666	0.772597	-0.794864	-0.985098	0.214592	-1.561284	-2.969497
0.846442	-0.420952	-0.866484	0.920359	-0.976289	0.364557	0.321830	2.085201
-0.707936	-0.455978	0.942470	-0.774983	0.957573	0.018426	0.196093	0.910629
0.215114	-0.801385	0.271364	0.032814	-0.847191	0.035599	-0.771937	-0.769395
-0.462562	-0.342960	0.866775	-0.177984	-0.110165	-0.875487	-1.165094	-1.103528
-0.837743	0.504093	-0.613634	-0.588960	0.390565	0.918337	0.725329	2.348076
0.061188	0.708862	0.095075	-0.806755	0.527026	-0.749198	-1.015210	0.216728
0.703925	0.183669	0.680863	-0.797203	-0.887027	-0.109083	-1.787980	-1.347325
0.672681	0.186020	0.364850	0.766452	-0.123410	-0.814386	-0.156575	2.692561
-0.234501	0.975515	0.821296	0.776056	0.956767	-0.673176	1.060273	5.150123
-0.661566	-0.757152	-0.977971	-0.914357	-0.857036	-0.355378	-2.121308	-5.787165
0.129796	-0.234187	0.381093	0.910508	-0.400653	0.029025	0.536886	2.517566
-0.108628	0.736230	0.748344	-0.657783	0.271030	-0.496778	-0.882257	-0.188801
-0.824123	-0.896319	-0.545888	0.259212	-0.723817	0.680402	0.198599	-0.834569
0.047307	0.377125	-0.046963	-0.364059	-0.117583	-0.382842	-0.875795	0.167288
-0.685487	0.309563	0.267296	-0.492541	-0.149258	0.543999	-0.091908	0.603981
0.868434	-0.961120	-0.743868	0.590242	0.246822	0.060748	0.912440	2.375532
-0.417118	0.818828	-0.141997	0.328496	-0.910835	-0.559049	-1.145098	-1.358180
-0.647682	0.831993	0.747478	0.783219	-0.808544	-0.229734	-0.265447	1.067918
0.517268	-0.206936	0.590521	-0.160715	0.274608	0.833374	0.965120	2.935707
-0.059788	0.774951	0.987023	-0.578130	-0.302882	0.232977	-0.638339	1.300083
-0.485949	0.251381	-0.173593	-0.699213	0.110279	-0.079939	-0.668346	-0.689683
-0.216280	0.563146	-0.085889	0.836421	-0.141022	0.483825	1.171753	3.627536
0.667038	0.605724	0.054259	-0.592706	0.296707	0.669616	0.379261	3.818627
-0.985316	-0.686735	0.623189	-0.739695	-0.371976	0.783488	-0.352798	-0.404252
0.651277	0.359373	0.421663	-0.939085	0.316675	-0.092746	-0.734825	0.566425
-0.867807	-0.177744	0.084197	0.957256	-0.095601	0.295897	1.157286	3.892869
-0.329621	-0.537440	-0.674926	-0.882527	0.661797	-0.235281	-0.461405	-1.487879
0.517725	-0.546080	0.067809	-0.842193	0.750257	-0.064953	-0.159940	1.040001
-0.874215	0.007393	-0.835010	0.305830	0.648033	0.313995	1.279120	2.879602
-0.735490	0.995996	-0.933347	0.973744	-0.498560	-0.925054	-0.432532	-1.925419
-0.404486	0.016162	-0.031326	0.340030	-0.014066	-0.383077	-0.055826	-0.564268
-0.654885	-0.626398	-0.588804	-0.826970	-0.542952	0.019064	-1.362022	-3.604046
-0.742423	0.564194	0.824315	0.047562	0.921999	-0.785444	0.174901	0.058704
-0.257280	-0.285690	0.816856	-0.738355	0.604040	-0.973074	-1.111594	-1.334153
0.558271	-0.462795	0.120304	0.165477	-0.875842	0.623409	-0.095419	0.842445
0.997699	0.450191	0.631540	0.107932	-0.700279	-0.140898	-0.718718	2.966841
0.330000	-0.508090	0.013578	-0.533174	0.164833	0.600341	0.235381	1.281061
0.240657	0.907981	0.787430	-0.247076	0.634666	-0.977731	-0.595328	1.415266
-0.241524	0.272594	-0.558605	-0.394073	-0.888965	0.709141	-0.570518	-1.079774
0.789975	-0.144184	0.705789	-0.969642	0.078554	0.474185	-0.406104	1.858508
0.463026	0.145847	-0.651316	-0.675719	-0.022849	-0.689980	-1.408972	-0.789626
-0.180642	0.364305	-0.264662	-0.088721	-0.589563	0.452972	-0.241166	0.711851
-0.082293	-0.200171	-0.587189	0.552603	-0.682242	-0.718331	-0.861087	-2.155807
0.084752	-0.280314	-0.941856	0.256596	0.636365	-0.511200	0.379846	1.226954
0.395583	-0.084056	-0.381626	-0.934974	0.697771	-0.616137	-0.857730	-0.370454
0.825479	-0.187537	0.863930	-0.551664	0.726805	-0.656131	-0.483166	1.207474
0.240262	0.870643	0.286148	0.060219	0.800221	-0.461141	0.403308	3.246700
0.680262	0.203206	0.258488	0.613925	0.424767	0.766054	1.799084	4.710288
0.814737	0.974659	-0.139553	0.072792	-0.629424	-0.851303	-1.409785	0.691240
-0.095377	-0.669351	-0.308521	-0.490334	0.293232	-0.955873	-1.169224	-2.352285
0.743708	-0.142985	0.203081	0.899582	-0.026558	0.636002	1.510127	5.743369
-0.295777	-0.509040	-0.360187	-0.376488	-0.502480	-0.650894	-1.548894	-2.708569
0.336702	-0.305152	0.505967	0.904060	-0.143076	-0.478034	0.285871	1.211386
0.049691	0.720259	0.755555	0.359902	-0.544307	0.860463	0.658707	3.668872
-0.790948	-0.234447	-0.548178	0.420708	0.393013	-0.840547	-0.017670	-1.247504
-0.578713	-0.117027	0.605892	-0.386543	-0.055784	-0.610478	-1.053769	-0.539436
-0.788724	0.391762	0.583371	0.704334	-0.434618	0.709359	0.971729	2.514378
-0.391872	-0.976925	0.538528	-0.984122	0.867913	0.073659	-0.042340	2.038293
0.587819	0.854088	-0.086703	-0.866666	-0.406235	0.072540	-1.193049	0.802094
0.716190	-0.505310	0.723904	0.821942	0.238961	0.797526	1.845125	4.795127
0.617228	0.356750	0.569014	-0.320510	-0.040572	-0.933908	-1.308297	1.276792
0.759657	0.446235	0.855590	0.184066	-0.338234	-0.483945	-0.635818	1.426495
0.204000	0.343871	-0.016996	0.912625	-0.865270	0.173887	0.216536	2.093216
-0.108735	0.101797	0.383420	0.507979	-0.510652	0.829399	0.835714	2.731874
-0.656319	0.368439	-0.009959	-0.452709	0.558323	-0.745867	-0.629819	-1.003446
0.401588	0.756442	0.437700	0.150546	-0.423218	0.510195	0.238067	3.502043
-0.962553	-0.962426	-0.686959	-0.105138	0.591699	-0.516591	-0.048235	-1.662468
0.690908	0.679721	0.883388	-0.306623	0.538439	0.126545	0.352730	1.936667
0.573586	-0.233485	0.119254	0.743238	-0.641191	0.915200	1.018227	3.736865
-0.319477	0.632683	0.597086	-0.006844	-0.427433	0.464530	0.035883	1.774558
0.253718	0.040441	0.345335	0.864695	-0.581692	-0.953934	-0.665332	-0.389010
-0.017937	-0.177398	-0.490952	0.518228	0.886152	-0.922413	0.482093	1.377784
-0.389220	-0.173513	-0.184632	-0.551845	0.118759	-0.765822	-1.188718	-2.539226
-0.202316	-0.830369	0.584393	0.536509	-0.464308	-0.828794	-0.760198	-2.549113
-0.444559	-0.173592	-0.170659	-0.525952	0.901636	0.545630	0.919360	2.015035
-0.095855	0.521976	-0.643594	-0.083393	0.553110	0.922515	1.385723	2.582797
-0.731030	0.127210	0.656510	0.270951	-0.126303	0.442623	0.596814	1.746067
0.171739	-0.515847	-0.825991	0.693355	0.167129	0.797121	1.639923	3.485667
-0.721061	-0.639150	-0.857594	-0.011910	0.817583	-0.607572	0.201464	-0.400065
-0.543877	0.651577	0.880566	0.329850	0.805347	-0.899688	0.237804	3.347710
0.071736	0.337001	0.786377	0.255253	0.027961	0.152215	0.426446	2.121011
0.278007	0.284031	0.662390	-0.911624	-0.839562	0.759941	-0.999764	-0.523222
-0.455988	0.348212	-0.427107	-0.459949	0.086309	-0.789647	-1.152055	-2.425535
0.576720	-0.313333	-0.039593	0.136052	0.951830	0.518256	1.609360	4.037648
0.743176	0.290571	0.086986	-0.870216	-0.317574	0.463119	-0.725715	1.812414
0.142764	-0.281218	0.802532	0.414368	0.807622	0.027989	1.247972	4.757873
-0.316828	-0.014381	-0.772235	-0.571248	-0.520629	-0.800606	-1.904131	-3.618408
-0.907226	0.240121	-0.868959	-0.965466	0.432300	0.606381	0.069040	-0.127450
-0.732741	0.494073	0.683387	-0.506699	0.255999	0.385036	0.128937	1.210694
-0.595269	-0.789831	-0.877621	-0.596064	0.223068	0.506449	0.141023	-0.674297
0.812956	-0.135669	-0.884811	-0.904981	-0.049115	0.836116	-0.131950	1.435096
-0.455411	0.907205	0.907346	-0.555627	-0.048321	0.514452	-0.068013	2.088293
-0.396014	-0.484335	-0.393775	0.976260	-0.919610	-0.940410	-0.910106	-2.134257
-0.913354	-0.062325	-0.403992	0.526198	-0.278058	0.309547	0.543435	0.935083
-0.006618	0.128549	0.008362	-0.022497	-0.258461	0.060252	-0.220994	-0.131194
-0.686235	0.169699	0.116246	0.870505	-0.735244	0.344757	0.465691	1.327845
-0.719996	0.710634	-0.936552	0.925120	-0.604773	-0.210497	0.085679	0.683300
0.932849	0.156237	-0.267942	-0.441919	0.889669	-0.830627	-0.373177	1.418344
0.143656	0.030038	0.889723	0.334818	-0.096077	-0.214315	0.026170	2.165825
-0.335400	-0.920032	-0.242102	0.608576	-0.244218	0.237619	0.583959	1.204102
-0.851482	0.255615	-0.295974	-0.258587	0.043899	-0.376199	-0.592149	-0.675572
-0.915205	0.582719	0.125986	-0.382019	0.460351	0.486035	0.563957	0.799931
0.796576	0.096235	0.511930	-0.762305	-0.987287	0.924074	-0.836898	1.035368
0.378504	0.965833	-0.237989	-0.565380	0.782763	-0.507498	-0.282814	0.382973
0.231400	-0.601436	-0.838983	-0.075031	0.501288	-0.916841	-0.488372	-1.007741
-0.235685	-0.456343	0.728484	0.758134	-0.495514	-0.259677	0.009060	-0.011502
-0.651025	-0.447879	-0.120069	0.191497	-0.922719	0.651022	-0.084400	-0.506536
-0.376855	-0.818277	0.528583	0.654905	0.131561	0.912111	1.709593	4.444792
0.236349	0.763977	0.715896	-0.139729	-0.472461	-0.192182	-0.794203	0.849368
-0.678523	-0.888380	-0.879071	-0.155136	0.610368	-0.350957	0.084478	-0.464054
-0.739222	-0.570543	-0.298858	0.452732	0.509146	0.205929	1.150708	2.433969
0.151241	-0.281289	0.977951	0.204435	-0.832984	-0.916802	-1.551291	-2.071843
-0.825971	0.017177	0.064277	0.140772	0.121752	-0.529328	-0.269541	-1.261732
-0.124916	0.044250	-0.384459	-0.154598	-0.165418	0.850281	0.527389	0.855304
-0.112350	0.677269	-0.665225	-0.884730	-0.981534	0.554896	-1.323751	-0.923585
-0.500254	-0.803372	0.284659	0.696386	-0.990514	-0.451457	-0.737145	-1.385297
0.136027	-0.878671	0.541967	-0.524963	0.911320	-0.596280	-0.199107	0.422952
0.361718	0.532793	0.368136	0.780112	-0.957668	0.339057	0.139844	1.808079
0.898754	0.372727	-0.932512	-0.609927	0.516780	0.349486	0.240859	1.693342
0.588039	-0.774260	-0.173066	-0.596931	0.557328	-0.824767	-0.846576	0.192576
-0.203274	0.688376	-0.695323	0.002024	-0.042521	0.057775	0.025472	0.442810
-0.018467	-0.590945	-0.654656	-0.707174	0.524286	-0.147976	-0.342786	0.179899
-0.783639	0.677492	0.121094	-0.563280	-0.716584	-0.512751	-1.810313	-2.219981
0.184433	0.941552	0.531055	-0.504024	0.315814	-0.698105	-0.878503	-0.007523
0.798453	-0.588630	-0.262993	-0.273329	0.362216	0.453811	0.544728	2.115346
0.295279	-0.714936	-0.397544	0.502171	0.592683	-0.192777	0.896316	1.250794
-0.975017	0.853478	0.954852	-0.814460	0.822224	-0.635962	-0.643206	-0.609425
0.182210	0.228788	0.776540	0.034035	0.066168	-0.415459	-0.317878	1.542221
-0.516874	-0.585346	0.192825	0.751243	0.107116	-0.717059	0.165281	0.555692
0.313304	-0.231397	-0.816772	-0.634595	-0.194173	-0.652329	-1.479308	-1.359472
0.169970	0.388898	0.173871	-0.777376	0.073956	-0.846316	-1.544165	-1.146807
-0.465534	0.187728	-0.589980	0.048444	-0.702671	0.920153	0.264227	0.298960
-0.516665	-0.055052	0.215329	0.628492	0.797212	-0.420481	1.001865	2.555923
-0.437746	0.251916	0.253416	-0.423623	0.197117	-0.520947	-0.755643	0.494145
0.901883	-0.871123	-0.703903	-0.695611	-0.428184	-0.975416	-2.106103	-4.269222
-0.574092	-0.906491	0.476521	0.101553	0.881209	0.643018	1.613743	2.825458
-0.463671	0.487408	0.834159	-0.379493	-0.761572	0.258070	-0.875486	0.966505
0.324810	0.325794	-0.755261	-0.306793	0.932679	-0.286968	0.332966	2.340425
-0.542434	-0.253994	0.587507	-0.410260	-0.145181	-0.120532	-0.656417	-0.734603
0.913577	-0.197892	-0.255119	0.921691	0.300976	-0.990400	0.219599	2.485833
-0.030713	0.649700	-0.278868	-0.095735	-0.981173	0.627139	-0.462267	0.505687
0.729170	-0.861261	-0.338979	-0.764471	-0.984916	-0.300717	-2.035161	-3.265183
-0.865876	-0.670791	0.385588	0.030344	-0.656046	0.624379	-0.013350	-0.952165
-0.090015	-0.545404	0.399163	0.793547	0.725750	0.775369	2.285171	4.977311
0.198609	-0.591671	0.722257	0.152480	0.965918	0.941040	2.058395	5.015830
0.613514	0.230069	-0.845259	-0.751427	0.364879	0.599858	0.206530	0.293133
0.257227	0.005506	-0.607893	0.560373	0.113464	-0.882680	-0.208376	1.158770
-0.119326	0.251322	0.133054	-0.929828	0.243061	0.525685	-0.150149	0.439109
-0.872509	0.543305	0.057719	-0.624872	-0.273508	0.746337	-0.176328	0.262251
0.429943	0.153582	-0.142576	-0.320075	-0.599410	0.622497	-0.282044	0.079786
0.185377	-0.579110	-0.735756	0.112387	-0.964826	0.327445	-0.510424	-1.650214
0.351509	-0.122882	0.778338	-0.354793	0.342060	0.671515	0.673128	4.231365
0.003916	0.511083	-0.132186	-0.443694	0.826269	-0.059035	0.331216	2.907661
-0.214786	-0.856299	-0.308666	0.991024	-0.597653	-0.573181	-0.176947	-1.387156
-0.539507	-0.613428	0.136192	0.550849	-0.318815	-0.007914	0.213712	-0.275300
0.111662	-0.124340	0.832262	0.344758	-0.028101	0.963498	1.301509	3.994257
-0.656183	-0.866588	0.510678	0.268488	-0.630656	-0.403484	-0.770323	-0.675654
0.840852	-0.219141	-0.469636	-0.061627	-0.327293	-0.614660	-0.986822	-1.540984
0.703536	-0.616737	-0.270319	0.042781	0.765984	-0.693150	0.100101	1.297882
0.005513	0.417956	-0.332083	-0.750840	-0.571192	0.053708	-1.262477	-1.895843
-0.749708	-0.648096	0.862904	-0.566897	-0.450393	-0.586830	-1.605473	-3.173400
-0.309523	-0.842292	-0.780369	0.583047	0.503660	0.811581	1.898222	1.984212
-0.301278	-0.836273	-0.508135	0.305676	0.999117	-0.417210	0.867224	1.450760
-0.447676	0.204331	-0.943848	0.014179	-0.611260	-0.638313	-1.236713	-1.667806
-0.061430	0.307966	0.768039	0.870607	-0.270789	0.466400	1.062096	3.989875
0.232352	-0.495916	-0.563006	-0.818532	0.534473	-0.354584	-0.633868	-1.932635
-0.748658	0.379824	-0.711397	0.221945	-0.635854	-0.466834	-0.889986	-1.976322
0.562661	-0.710963	-0.323938	0.849475	0.490378	0.716343	2.062775	3.608815
-0.458932	0.254926	0.809135	-0.470696	-0.831482	-0.147507	-1.455235	-0.967192
-0.092677	0.718887	-0.320038	-0.536847	-0.365108	-0.950262	-1.846673	-2.108875
-0.696629	0.194860	0.679314	-0.993071	0.141403	0.791950	-0.064379	1.138730
-0.876868	0.621544	-0.273025	-0.231577	-0.570858	-0.374502	-1.179723	-2.416828
-0.400466	0.853082	-0.924932	-0.971943	-0.205691	0.194016	-0.981167	-2.691140
0.036297	-0.357224	0.522519	-0.856490	-0.757085	-0.232773	-1.863621	-3.063377
0.871939	-0.122783	0.118048	-0.562336	-0.763580	0.256678	-1.069191	0.519403
0.457888	0.030284	-0.474390	-0.156440	-0.617082	-0.721682	-1.489470	-2.742747
-0.506878	-0.589942	0.787127	0.604996	0.326117	0.566200	1.484719	5.036421
-0.152878	-0.503982	0.413887	-0.033530	0.489010	0.057916	0.502774	1.569227
0.770242	0.790476	-0.127671	0.501276	0.854014	0.182984	1.541538	5.058374
-0.738236	-0.393182	-0.904542	0.056273	0.607450	-0.560818	0.107064	-1.561710
-0.745785	0.026746	-0.193807	-0.084257	-0.435530	-0.263461	-0.804278	-1.648998
-0.643521	0.747299	-0.730005	-0.290701	0.507088	-0.358976	-0.135838	-1.412353
-0.206772	-0.065632	0.883921	-0.610397	0.886154	0.794915	1.076406	3.006154
0.704396	0.332544	-0.042016	0.085158	0.538034	-0.210781	0.407215	3.729612
0.940897	0.546926	-0.977742	-0.132147	-0.948399	-0.989814	-2.066580	-2.759144
0.777324	-0.723660	0.995034	0.441432	-0.667113	0.390964	0.174925	3.098469
0.717083	-0.180822	-0.308190	-0.408900	-0.600696	-0.277655	-1.280244	-0.244054
-0.717887	-0.684894	0.268061	0.492073	0.895614	0.618874	2.001710	4.149420
-0.239950	-0.322885	0.917059	-0.710108	0.014952	-0.581195	-1.283400	-1.146487
0.875975	-0.971373	0.441439	-0.704386	-0.928758	0.169485	-1.456368	-1.328458
0.708036	-0.232695	-0.411815	-0.709385	-0.691499	-0.422870	-1.829840	-1.928362
-0.609905	-0.881185	-0.197614	-0.814524	0.974022	0.864723	1.008859	2.344124
0.704070	0.997579	0.611214	-0.722158	-0.797354	0.584938	-0.936016	0.533075
-0.494259	-0.727357	-0.162921	0.003181	0.325613	-0.375117	-0.079031	1.098573
-0.464191	0.281656	0.827591	-0.395153	0.931096	0.386728	0.926430	2.349751
-0.433358	0.725056	-0.717289	-0.312218	0.263669	-0.941239	-0.990372	-1.760274
-0.697042	-0.084779	-0.913763	0.257221	-0.157300	0.855770	0.964295	0.516865
0.125247	0.120449	0.466084	0.234450	-0.823520	0.961821	0.376151	1.659926
0.923040	-0.360461	0.387318	-0.374320	0.597996	0.474426	0.712571	3.551543
-0.029603	-0.545291	-0.538381	-0.004560	-0.307088	0.567106	0.264821	1.184892
0.934155	0.431909	0.974476	-0.898562	0.125773	-0.219432	-1.015937	1.352621
-0.994182	0.367078	0.841647	-0.497779	0.952016	0.662335	1.109949	1.670828
0.156662	-0.722760	0.655315	-0.493160	-0.676358	-0.538338	-1.696267	-3.413065
0.793738	0.799428	-0.803945	0.080524	-0.294552	0.510030	0.298041	2.659694
0.634549	-0.886908	-0.839402	0.673479	-0.192789	0.517843	1.007034	2.213357
-0.514861	-0.858007	0.990355	0.321309	0.558304	0.975160	1.860091	3.732420
0.089522	-0.887281	0.842325	-0.210094	0.880256	0.111648	0.792809	2.159186
-0.167218	0.700549	-0.171615	0.574012	0.684914	-0.952732	0.330827	2.105300
-0.194487	-0.606680	0.077425	-0.922079	0.379804	0.066652	-0.465454	0.119828
0.257283	0.600710	-0.606339	-0.856123	0.619328	-0.201878	-0.426739	0.201416
-0.300319	0.372081	0.453578	0.152316	-0.353031	-0.671955	-0.881435	0.043428
-0.781240	0.756346	-0.696456	0.796387	-0.305148	-0.116000	0.377324	1.915202
0.521374	-0.609595	-0.529681	-0.113682	0.182082	-0.525260	-0.453706	-0.636283
0.882268	-0.271120	0.354050	-0.466749	0.974942	-0.167695	0.321649	3.075662
0.899880	0.316766	-0.448964	0.410906	-0.073620	0.204903	0.555329	2.904054
0.823917	-0.371338	-0.689792	-0.206026	-0.563175	0.287417	-0.469756	1.076089
0.474822	-0.258851	-0.798925	-0.829987	0.337627	-0.793283	-1.279149	-0.438995
-0.677230	-0.394937	-0.318416	-0.715602	-0.159369	-0.052041	-0.909453	-2.117235
0.255152	-0.262373	0.727602	0.515232	-0.718464	-0.225331	-0.438668	0.375221
-0.186828	0.838513	-0.192592	0.165082	0.788275	-0.592628	0.356825	1.773593
-0.127672	0.911304	-0.267339	0.462424	0.909828	0.456441	1.825045	5.449505
0.651929	0.065907	-0.045745	-0.446687	-0.382463	0.327722	-0.499024	0.106269
-0.213404	0.325153	-0.762782	-0.180192	-0.028381	-0.024153	-0.231986	-0.265680
-0.750906	-0.856323	0.341411	0.193235	0.392010	0.405352	0.985530	2.916524
0.195409	0.731662	-0.599753	0.505534	-0.794539	0.809096	0.513252	2.193825
0.836290	-0.411204	0.262107	-0.190618	0.275952	-0.593639	-0.510787	1.060669
-0.724386	0.109322	-0.117529	0.242758	-0.424729	-0.185735	-0.376745	-0.987491
0.398169	-0.958907	0.543107	-0.540440	0.871359	-0.283056	0.048549	1.788005
0.768158	-0.866649	0.163516	-0.916058	-0.201433	-0.898845	-2.014987	-3.165835
-0.510502	0.600263	0.060827	-0.814313	0.019280	0.292620	-0.512180	-0.636762
0.410093	-0.698884	-0.599686	0.647890	-0.583302	-0.861774	-0.793449	-1.449303
-0.215532	0.469634	-0.010485	0.850946	0.452664	0.648538	1.951792	4.312146
-0.414499	0.694373	-0.986149	0.832828	0.334111	0.836266	2.011667	4.026379
-0.999356	-0.799768	0.308597	-0.569343	-0.074412	0.743406	0.106572	-0.465588
-0.870689	-0.970939	0.986352	-0.875142	0.734953	0.247601	0.091725	-0.122916
0.103637	-0.190255	-0.935546	-0.473253	0.232618	0.783539	0.545937	1.206101
0.938535	-0.048454	-0.110860	-0.324628	0.358942	0.423960	0.453092	3.793010
0.326741	0.740483	0.346721	0.314223	-0.544957	-0.901736	-1.129254	-0.344678
0.872260	0.617420	-0.205909	-0.787798	-0.278539	0.573716	-0.496536	0.535579
-0.143191	-0.784769	-0.987736	-0.298754	0.789171	0.793195	1.276141	1.825840
-0.727105	-0.625470	-0.598150	-0.682977	0.280489	0.610518	0.205011	-0.157490
-0.707848	0.632738	-0.793780	-0.688432	0.608144	-0.271265	-0.366403	-1.773568
-0.242748	-0.410310	0.417049	-0.343662	-0.684972	0.471969	-0.559604	-0.621696
-0.712270	-0.309995	-0.994143	0.307737	-0.448512	-0.403621	-0.519939	-1.934424
0.997180	-0.815966	0.889582	-0.713971	-0.858349	0.360208	-1.216490	-0.948531
-0.289182	0.282499	-0.347937	0.314903	0.682264	-0.997834	0.004793	0.668405
0.532735	0.790491	-0.498346	0.014792	-0.672297	0.896901	0.247109	3.370867
0.094302	-0.993775	-0.454151	-0.203700	-0.020301	0.053489	-0.159967	-2.079875
0.248497	0.478519	-0.151368	-0.554732	0.068617	-0.696025	-1.184089	-0.614970
0.043714	0.559598	0.082778	-0.495303	0.548558	0.978098	1.026809	3.759255
-0.200203	0.953594	-0.895275	-0.292548	0.336808	0.403133	0.450090	1.108008
-0.723438	-0.068667	0.913838	0.381803	0.800928	-0.200629	0.977998	2.944326
0.843420	0.032440	-0.043353	0.591079	0.434490	0.702786	1.735528	5.165257
0.265927	-0.019309	0.306268	0.265462	0.736642	-0.798872	0.196056	2.743175
0.991138	0.987631	0.177819	0.044185	-0.527579	0.649515	0.163827	3.159325
0.355549	-0.199155	0.646800	-0.735602	0.827258	-0.726791	-0.638017	0.719740
-0.810722	0.325141	0.007884	-0.558655	-0.491391	0.436175	-0.612035	-1.157333
-0.539222	-0.155464	0.610826	-0.168576	-0.694310	0.322879	-0.525635	-0.581422
0.831916	0.637528	0.568949	-0.761076	-0.155727	-0.657232	-1.578946	-1.586053
0.808672	-0.119655	-0.540943	-0.106728	0.688683	0.231298	0.810456	2.803672
-0.163624	-0.776375	0.214180	0.050984	-0.824702	0.534728	-0.239880	-0.241819
0.701861	-0.689027	0.442948	0.082777	-0.366320	-0.174911	-0.446533	-0.265985
0.665459	-0.590882	-0.825821	0.643323	0.828229	-0.566615	0.911924	2.301320
-0.053806	0.014017	0.237480	0.075129	0.585413	0.861526	1.533263	3.236184
0.108405	0.875607	0.971202	-0.505530	0.194245	0.293739	-0.007118	4.106034
0.181882	0.968400	-0.269779	0.036287	-0.804777	0.193190	-0.591552	-1.637960
-0.937467	0.057059	-0.950804	0.054062	-0.593356	0.735375	0.200363	-0.342322
0.213100	-0.634833	0.000821	0.969245	0.662435	0.229262	1.879387	4.431126
0.390547	-0.134906	0.333563	0.977826	-0.529941	0.974229	1.418309	4.720757
-0.368627	-0.886484	-0.128948	0.499688	-0.173506	0.429450	0.748462	1.713204
-0.732187	0.581277	0.132979	-0.357656	0.097496	-0.145090	-0.399986	0.417995
-0.711516	0.807545	0.009321	0.273389	0.376658	0.066119	0.716428	3.442310
0.296529	0.716166	0.756185	-0.078076	0.650757	0.540443	1.114039	5.431114
0.427694	-0.848375	-0.508213	-0.198619	-0.586081	-0.406702	-1.191238	-2.854909
0.442103	0.474954	0.521216	0.502678	-0.496317	-0.910516	-0.904911	0.834860
-0.958657	-0.708805	-0.503959	-0.956091	-0.708874	-0.051953	-1.719856	-3.709211
-0.120660	-0.934772	0.062259	-0.594445	-0.524203	-0.928296	-2.040527	-3.936690
-0.012356	-0.384210	0.406440	0.360376	0.491804	0.711185	1.558240	4.142992
0.835634	-0.166136	0.933104	0.802837	-0.530326	0.606469	0.870666	5.284918
0.449967	0.422841	-0.136890	0.017060	-0.072179	0.697592	0.650686	2.292742
0.380586	0.545415	0.524513	0.639549	-0.330171	-0.072346	0.240355	3.490760
0.413906	0.656779	-0.293712	-0.437787	0.644893	0.263017	0.471720	2.834383
0.851112	-0.282852	0.157171	0.662006	-0.225685	0.303557	0.727859	2.692091
-0.869417	-0.029756	0.372575	0.499853	0.454973	0.749219	1.701765	4.246598
-0.852970	0.178174	0.078395	0.361700	0.821676	-0.060014	1.127225	2.400129
-0.509013	-0.182903	-0.346226	0.538526	-0.603431	-0.505232	-0.562236	-1.254646
-0.596154	0.747751	0.377916	0.412802	0.653916	0.924506	1.982946	5.871599
0.926525	-0.500470	-0.666588	0.811619	0.780686	-0.082311	1.495090	3.068625
0.438486	-0.101998	-0.686300	-0.431476	0.497125	-0.916065	-0.842948	-0.643804
-0.636657	-0.288765	0.774693	0.958373	-0.289467	0.784953	1.451562	2.650730
-0.095241	0.231706	0.934341	0.467546	-0.257271	0.740374	0.952360	3.490771
0.572137	0.198282	-0.497982	-0.363902	-0.701570	-0.794629	-1.858479	-2.629460
-0.755251	-0.154132	-0.917685	-0.292134	0.342089	-0.572060	-0.514420	-2.580260
-0.963498	-0.691766	-0.050675	-0.093511	0.950413	-0.717799	0.143051	0.095846
0.147097	-0.226512	-0.145812	0.095449	0.629173	0.634418	1.365220	2.980047
0.639360	0.285136	-0.017843	-0.093534	0.668605	-0.926664	-0.369531	1.877309
-0.724939	0.567234	-0.205332	-0.329000	-0.293496	-0.265226	-0.879000	-1.392096
-0.667430	0.484451	0.342201	-0.746273	-0.002590	-0.344082	-1.085440	-0.715400
0.492415	-0.274216	-0.507725	0.811686	-0.469116	0.573326	0.924518	2.776757
-0.078568	0.338648	-0.679887	-0.863620	-0.027974	0.791744	-0.106792	0.480863
0.522242	0.733766	-0.949676	-0.313679	-0.644947	-0.097164	-1.052948	-0.652963
0.555505	-0.380354	0.713297	0.735694	-0.211609	0.949502	1.463558	4.403407
0.057416	0.442371	0.294402	-0.513158	0.484219	0.778878	0.722483	3.845586
0.341772	-0.246538	-0.328723	0.538032	-0.021040	-0.799051	-0.283093	1.644888
-0.754307	-0.015523	0.231025	-0.017013	0.860236	0.371168	1.211006	3.025298
-0.693245	0.596178	0.031123	0.214619	-0.769296	-0.137170	-0.701668	-1.389983
0.022334	-0.909125	0.749412	-0.035827	0.452350	0.831178	1.252388	3.325439
0.291246	0.677211	0.132779	0.312680	0.382051	0.068738	0.770619	4.235547
0.280430	-0.085299	0.910698	0.487237	0.650303	0.720572	1.863435	5.438662
-0.218400	0.856849	0.856296	-0.389254	0.641998	-0.054182	0.194261	2.834266
0.309981	0.211402	-0.157219	0.434971	0.325787	-0.694945	0.067033	1.263759
-0.611889	0.134426	0.746857	0.057660	0.721348	0.101691	0.883820	3.320816
0.703368	0.013695	-0.291812	-0.992769	0.491956	-0.626800	-1.128495	-2.088119
0.837064	0.334397	0.667606	0.362882	0.172260	0.250212	0.790573	4.024558
0.764539	0.025661	0.382816	-0.305379	-0.058585	0.721383	0.346586	2.679994
0.631642	0.883281	0.999744	-0.142580	0.158765	-0.567146	-0.561901	2.066651
0.209963	0.795063	-0.034052	-0.995718	0.997813	-0.640164	-0.631933	1.547845
0.029216	-0.577109	0.770954	-0.375752	-0.809191	0.561682	-0.628551	-0.147971
0.035994	0.151217	0.210046	-0.081823	-0.756046	-0.888236	-1.726634	-2.078697
-0.048241	0.256224	0.889925	0.274400	0.534084	0.166323	0.991487	4.414062
0.695597	0.500188	0.427836	0.768734	0.158650	0.817363	1.755647	6.249341
-0.876158	-0.921043	0.993085	-0.060586	-0.173531	-0.079327	-0.305697	-0.118178
0.948357	0.223689	-0.890766	-0.366801	-0.879875	-0.530502	-1.765601	-2.276681
-0.608415	-0.793487	-0.643613	-0.054706	0.294239	-0.485328	-0.245325	-2.009697
-0.792613	-0.432806	-0.784485	0.682802	-0.916118	0.492076	0.268487	0.393862
-0.286588	0.903539	-0.636379	-0.613649	0.454348	-0.629245	-0.783589	-0.564950
-0.049425	-0.168757	-0.236403	0.940892	-0.537117	-0.124832	0.278788	1.793017
-0.656621	0.954549	0.191131	0.706040	0.825172	-0.639525	0.899244	3.581511
-0.536636	0.628852	0.395636	-0.475523	-0.764898	0.132868	-1.096894	-1.528842
0.495431	0.424823	-0.863625	-0.334626	0.885571	0.123190	0.686250	2.507772
0.335382	-0.676571	0.394713	0.230796	0.441260	-0.785316	-0.115952	0.133041
0.380893	-0.190526	-0.031480	0.119738	0.536028	-0.948770	-0.291553	0.806335
-0.703519	-0.183581	0.336166	-0.628366	-0.271369	0.274105	-0.619982	-0.480341
-0.156884	-0.783761	0.010113	-0.492726	-0.596439	0.681116	-0.411218	-1.081629
0.552181	0.630179	0.628675	0.002551	-0.193228	0.834742	0.651684	4.681162
-0.139099	0.301245	-0.994785	-0.059970	-0.409710	-0.936307	-1.414576	-2.887274
-0.529519	-0.411912	-0.582045	0.501099	0.405302	0.774319	1.668586	2.796494
-0.993900	0.573380	-0.222974	-0.076599	0.217769	0.783097	0.916334	1.955234
-0.299150	-0.745624	0.849302	0.027693	-0.438205	-0.276284	-0.667394	-0.508305
0.946256	0.370061	0.442533	0.100419	-0.427409	-0.694591	-1.007017	-0.164113
0.973651	-0.256856	-0.619788	0.328184	-0.955569	-0.534036	-1.151850	-0.429322
-0.083344	-0.451718	-0.945907	0.336692	-0.103406	0.957971	1.198992	2.725329
0.945891	-0.281563	0.780216	0.636569	0.034527	-0.912863	-0.249606	0.863010
0.564482	-0.312661	0.422313	0.734065	-0.096204	-0.728329	-0.068190	1.227168
0.509726	0.686201	-0.897267	0.045482	0.865314	-0.498446	0.413748	2.585253
0.949427	-0.164890	0.358824	0.545949	0.418158	-0.505413	0.469551	2.098722
-0.708558	-0.445456	0.216314	-0.860060	0.430866	-0.011243	-0.458994	-0.139915
0.263458	-0.692817	0.696069	-0.203900	0.677716	-0.903829	-0.408643	0.593575
-0.103949	-0.677299	-0.271586	-0.213118	0.247425	0.254372	0.294723	0.993984
-0.108087	0.442566	0.422608	0.280372	-0.838687	-0.953516	-1.523908	-1.398978
-0.102173	-0.470953	-0.052889	0.847798	0.934649	0.678310	2.469905	4.536724
-0.195159	-0.831606	0.645012	-0.226179	0.729778	-0.046067	0.456498	1.781198
-0.910267	-0.934391	0.847906	0.468298	-0.973880	-0.662763	-1.160319	-1.620224
0.941939	-0.068443	0.797495	-0.437906	-0.733384	-0.311332	-1.498636	-0.986332
-0.171666	-0.935236	-0.551867	0.143101	-0.032960	0.850100	0.945849	0.854214
-0.875827	0.396244	-0.722865	-0.026598	0.968098	0.872674	1.853047	3.823373
-0.210630	-0.382669	-0.328223	0.658658	0.426558	-0.040825	1.063268	2.773428
-0.107490	-0.959341	0.464989	0.744327	0.723977	0.999872	2.472692	5.448090
-0.040832	0.998788	0.424287	-0.402187	-0.602149	0.438627	-0.574293	1.182093
0.303840	0.413388	0.470842	-0.561696	-0.945711	-0.613796	-2.112075	-0.672606
0.191063	-0.596937	0.186278	0.957560	0.550262	-0.192333	1.326224	2.769433
0.098592	-0.006153	0.316691	-0.790671	0.943812	0.751772	0.902645	3.844379
-0.052165	0.238484	-0.012059	-0.707971	0.914041	0.051563	0.258459	0.839718
0.556901	0.693618	-0.828919	0.777833	-0.226228	-0.745168	-0.182742	2.686302
-0.329858	-0.690638	-0.532344	-0.573035	0.028238	-0.052834	-0.605747	-1.248965
0.054034	0.173912	0.169523	0.576427	0.541251	-0.426390	0.685299	2.849344
-0.215145	-0.106423	-0.659458	0.743702	0.642926	0.880354	2.258466	6.229444
-0.761567	0.557612	-0.501704	-0.341308	-0.652945	0.440863	-0.552689	-1.443998
-0.003265	-0.084842	0.173262	-0.812528	-0.007724	0.176595	-0.627504	-1.498873
0.096382	0.143272	0.796992	-0.896932	0.466476	0.421040	-0.008370	2.264958
-0.576203	0.280217	-0.794266	0.455889	0.467849	-0.595976	0.329422	0.840794
-0.768157	0.004183	-0.710209	0.954824	-0.190902	0.197081	0.955899	1.467175
0.808372	-0.574405	0.505191	-0.272023	0.452342	-0.135467	0.041576	1.498882
0.480598	0.093092	-0.555583	0.592382	-0.774436	0.215008	0.020230	1.541245
0.599563	0.123967	0.739452	0.830543	-0.256695	0.739635	1.304131	4.122146
-0.556016	-0.751244	0.167585	-0.347423	-0.962895	0.755643	-0.545041	0.214869
-0.758251	-0.966431	0.288842	0.022673	0.060435	0.364809	0.453328	0.888172
-0.344825	-0.433320	0.341194	-0.600078	-0.889855	0.125518	-1.381377	-2.249086
-0.759137	0.993123	-0.545853	0.736464	-0.140533	-0.147596	0.460213	2.727449
-0.559197	-0.221695	0.184110	-0.062896	-0.196624	-0.245372	-0.508877	-1.634135
-0.876829	0.632833	0.010786	-0.478839	-0.434927	0.497374	-0.432716	-0.830713
0.650816	0.646202	-0.375575	-0.488227	-0.973212	0.089363	-1.373178	-0.477613
0.643815	0.016507	-0.185350	0.213040	0.052246	-0.445503	-0.162398	0.845946
-0.153942	0.278997	-0.930637	0.257204	0.888516	-0.727272	0.415841	2.171617
0.838152	0.658197	0.404613	-0.201574	-0.038354	0.629630	0.390691	3.282701
-0.705448	-0.884415	0.785314	-0.914493	0.054564	-0.233292	-1.096185	-2.236803
-0.697313	0.550580	0.584453	0.364924	-0.838707	0.586844	0.121316	1.416822
-0.489319	0.368915	0.486555	0.698960	0.409312	-0.240440	0.874414	2.673841
0.960343	0.189977	0.080227	-0.056463	-0.152566	-0.503797	-0.708462	1.695030
0.750843	0.566525	-0.066025	0.513405	0.260440	0.671699	1.441040	5.662099
0.247408	0.394022	0.731387	-0.385726	0.256547	0.231143	0.101853	1.423548
0.037290	-0.522225	0.237509	0.727177	0.792330	0.921625	2.439821	6.537670
0.612124	0.864533	0.705308	-0.818385	0.008631	-0.732051	-1.560481	0.704278
0.623722	0.654962	0.635877	-0.531188	-0.725652	-0.262083	-1.527723	-0.047647
0.121679	0.220706	-0.713926	-0.223083	0.155210	0.531763	0.476556	1.330788
-0.622168	0.911672	0.852705	-0.852096	0.103867	-0.278544	-1.031458	0.336034
-0.443038	0.042273	-0.446250	0.885884	-0.160145	-0.887047	-0.157012	-0.364377
0.209337	-0.793070	0.867617	0.739542	-0.631806	0.481307	0.598296	1.317087
0.901457	-0.320201	0.389298	0.988592	0.512582	-0.913665	0.589298	3.476223
-0.856561	0.142452	-0.601219	-0.651858	-0.826879	-0.952336	-2.441735	-4.978831
-0.624737	0.718273	0.088264	-0.183312	-0.949250	-0.354919	-1.481977	-1.425915
0.495047	-0.985177	0.726519	0.510042	0.492343	-0.216770	0.783511	3.185278
-0.535757	-0.526582	-0.491247	-0.857647	0.953336	0.032890	0.126167	-0.614365
0.359605	0.862500	-0.184256	-0.529867	0.995861	-0.364026	0.091111	3.336375
0.305442	0.819354	0.537046	0.269963	-0.731869	-0.477565	-0.939830	0.151981
-0.932248	0.875784	-0.739892	0.783509	0.712519	0.636877	2.130050	4.181331
0.513440	0.855436	0.116851	0.966142	0.690667	0.253615	1.921007	5.319735
0.465837	-0.521497	-0.456685	-0.173620	0.960917	-0.556678	0.236635	0.894751
0.995693	-0.564985	0.820155	0.874338	-0.710692	-0.937114	-0.767139	0.478852
-0.916699	0.967290	0.407565	0.742435	0.097788	-0.664404	0.177043	1.578923
0.863759	0.044253	-0.094760	0.471235	-0.055125	0.237263	0.634348	2.459369
0.988825	0.292356	0.134594	0.601711	0.242706	-0.985805	-0.145888	0.996578
-0.150005	-0.859153	-0.354153	-0.723016	-0.887143	0.624037	-0.965206	-1.964397
0.375121	0.911111	-0.114936	-0.474143	-0.358298	-0.389358	-1.231922	0.848774
0.438143	0.745660	-0.950291	-0.468141	0.146892	0.017898	-0.295059	1.106638
-0.341477	-0.282468	-0.697290	-0.860662	-0.133328	-0.664739	-1.665974	-2.559025
0.865342	0.950387	0.821298	-0.068970	-0.047327	0.798658	0.670421	4.797687
-0.355534	0.601972	-0.101013	-0.289455	-0.734898	-0.743745	-1.773658	-2.657834
-0.311690	-0.954316	-0.132846	-0.461890	-0.892939	-0.477150	-1.843057	-4.763590
0.822664	-0.527383	0.016159	-0.383034	0.394089	0.702401	0.715062	3.535768
-0.200411	-0.706964	-0.446573	0.933812	0.773766	-0.177685	1.521572	2.854446
0.203012	0.067473	0.117021	-0.257874	-0.844641	-0.936468	-2.025506	-2.784824
-0.491630	-0.322737	-0.845831	-0.446083	0.796455	0.670991	1.010461	0.766773
-0.619785	-0.180645	0.281332	-0.546744	-0.890822	-0.270130	-1.697783	-2.946546
0.575967	-0.167134	-0.680163	-0.591058	-0.479426	0.690860	-0.376161	-0.081659
-0.550584	0.360221	0.000248	0.238924	-0.486716	0.904923	0.658282	1.550784
0.436502	0.397987	-0.153297	-0.482494	-0.483247	-0.625196	-1.596455	-1.487034
-0.013753	0.378471	-0.973600	-0.617930	-0.691858	-0.910135	-2.224525	-4.294249
-0.249968	-0.970113	0.782039	-0.506594	-0.314110	0.351539	-0.480923	-1.067558
0.309710	0.102057	0.376646	0.846667	-0.981412	-0.634556	-0.773443	-0.187461
0.753985	-0.426749	0.485233	-0.151197	0.837135	0.283308	0.961644	3.912361
0.514977	-0.736890	0.106392	0.964835	-0.221589	-0.356871	0.407118	2.177670
0.803242	0.418691	0.971116	-0.464165	-0.977821	-0.980508	-2.409637	-1.378848
0.178300	0.980758	-0.191696	0.774754	0.208916	0.085285	1.078788	4.819164
0.537445	-0.702497	-0.218676	0.600157	-0.858527	0.014972	-0.241725	-1.053261
-0.636039	0.675043	0.832544	-0.752188	0.972096	0.630992	0.851144	3.836912
-0.125957	-0.089978	-0.674732	0.000497	-0.345143	-0.653775	-1.018379	-1.039056
0.769004	-0.833214	0.222860	0.117311	0.784060	-0.037991	0.864430	3.016986
0.904650	0.105093	-0.502969	-0.033796	0.622459	-0.967673	-0.382216	1.123184
0.926002	0.460536	-0.480941	-0.163821	0.567055	0.519013	0.931918	4.577945
0.469843	0.337154	-0.657780	-0.654711	-0.069991	-0.226888	-0.934924	-0.811155
-0.298547	0.450373	-0.020405	0.472159	0.736552	-0.721538	0.490393	1.692465
0.123303	0.915432	0.364939	-0.770452	-0.024391	-0.604610	-1.392897	-1.693606
0.617348	-0.914729	-0.683771	-0.526617	-0.373485	0.027009	-0.849503	-2.136847
0.754227	0.694570	-0.356479	-0.166148	-0.662898	0.775829	-0.048015	3.171285
0.098607	-0.807856	0.739244	-0.170649	-0.066456	-0.247182	-0.464654	-0.400628
0.694645	0.588644	-0.831982	0.002365	-0.424341	-0.331552	-0.757331	1.030972
-0.773355	-0.753160	0.156077	-0.501329	-0.248414	0.149069	-0.604212	-0.871311
-0.681026	0.515207	-0.304494	0.394064	0.184400	-0.512470	0.078103	0.069818
0.780473	0.740692	0.837321	0.887656	-0.661002	0.256185	0.475016	4.637367
0.516018	-0.705360	0.803777	-0.458724	-0.233997	-0.271324	-0.958866	-0.336909
-0.159651	0.746526	-0.952462	0.284778	-0.301737	-0.706252	-0.722947	-0.917988
-0.350658	0.644812	0.172898	-0.680453	-0.808937	-0.660212	-2.143690	-2.943853
-0.757610	-0.971022	-0.064879	0.938685	-0.486190	-0.704063	-0.257805	-0.923495
0.617878	-0.604908	0.027312	0.093755	0.324657	0.052548	0.466929	1.970730
-0.249853	0.224020	-0.539577	0.349910	0.319011	-0.834600	-0.174892	0.776495
-0.921435	-0.399390	-0.300226	0.315388	-0.540707	-0.810446	-1.058099	-2.744137
0.903422	-0.432525	-0.391513	-0.212730	-0.730618	-0.753665	-1.683377	-0.576818
0.863841	0.142163	-0.734052	-0.118854	-0.471598	0.815389	0.225471	1.104004
-0.981425	-0.713574	0.730413	-0.816816	-0.719359	0.836364	-0.725098	-0.641920
0.763541	0.306051	-0.100353	0.262503	0.848187	0.251240	1.361016	4.679703
-0.620250	0.095876	0.716101	-0.068605	-0.952982	0.408962	-0.600748	-0.373332
-0.274414	-0.891667	0.969628	-0.509580	0.055918	0.563883	0.104024	0.101283
-0.755468	0.668878	-0.656303	0.632371	0.114299	0.980421	1.718256	2.924652
0.146105	-0.717703	-0.851125	-0.583940	0.777133	-0.166028	0.032489	-0.188564
-0.366757	-0.956847	0.175148	-0.130287	-0.025101	-0.610727	-0.757418	-2.501624
0.761139	0.845321	-0.544632	-0.075271	-0.319599	0.505562	0.110732	1.618510
-0.747620	0.962381	0.797157	-0.548509	0.250149	0.966298	0.658341	4.647048
0.128544	-0.576375	0.299349	0.879863	-0.246223	-0.261930	0.366295	2.546066
-0.498773	-0.672869	0.522547	-0.014016	0.734659	0.564726	1.280226	2.659109
0.810018	0.324858	-0.656133	0.611147	0.992119	0.384022	1.976966	4.391681
-0.246184	0.549525	-0.793283	0.600159	0.579153	0.481054	1.657958	4.491118
0.170881	0.980796	-0.781171	-0.403577	-0.192435	-0.801750	-1.371599	-1.459441
-0.114854	-0.265559	0.410443	0.522569	0.696030	-0.668405	0.557608	1.529617
-0.651344	-0.397876	-0.424962	-0.283470	-0.175998	0.719902	0.265549	-0.176257
-0.289785	-0.929285	0.863363	-0.891790	-0.695423	-0.368536	-1.949560	-3.327467
-0.707648	0.483148	0.633644	0.978796	0.634404	-0.537286	1.072696	3.719878
-0.254043	-0.826232	-0.808021	0.086239	-0.869699	-0.926632	-1.719829	-3.915329
-0.918238	-0.177828	-0.765055	-0.849074	0.060423	-0.234960	-1.033483	-2.361987
-0.492635	0.318064	-0.297024	0.748911	0.490271	-0.816642	0.418484	1.767687
0.935891	-0.241001	0.700721	-0.548330	0.671847	0.633807	0.759568	3.286004
0.459288	0.549868	0.909212	-0.472547	-0.020580	0.995897	0.491993	4.350953
0.128340	-0.939786	-0.553810	-0.985461	0.788487	0.642360	0.443441	0.753599
0.299202	0.289570	0.014968	0.484096	0.622014	-0.623566	0.492775	3.701928
-0.987473	0.533447	-0.509668	0.152014	-0.643154	-0.396840	-0.872495	-1.247282
-0.286983	0.048463	-0.539065	-0.143968	0.871205	0.574244	1.307093	2.140440
0.186733	-0.771348	-0.586891	0.080287	-0.394179	-0.300122	-0.608973	-0.380739
-0.325701	-0.694523	-0.249383	-0.478183	-0.747626	0.800157	-0.410357	-0.607509
0.551143	-0.491044	-0.945407	-0.584077	0.534629	0.741387	0.706781	1.903524
-0.409852	-0.574459	-0.538333	-0.507506	0.046088	0.364866	-0.107009	-0.582122
-0.810479	-0.235593	0.418477	0.922849	-0.564029	0.710951	1.073131	2.570152
-0.849647	0.701330	0.653186	0.377361	0.113060	-0.830597	-0.350787	0.357792
0.632499	0.637854	-0.059592	0.145730	-0.398926	0.002921	-0.260595	1.865460
-0.110085	0.510126	0.677224	0.153633	-0.159887	0.422341	0.413275	4.430669
-0.915714	0.544511	0.848890	-0.359464	0.249217	0.935478	0.840018	3.520487
-0.799080	-0.332167	0.060379	0.675328	-0.370269	0.940741	1.243477	3.348004
-0.854846	0.225193	0.499205	0.435874	0.863483	-0.674998	0.628727	1.954622
-0.900955	-0.655492	0.271810	-0.220286	0.168026	-0.675321	-0.731001	-2.206421
0.838153	-0.127153	-0.664311	-0.022661	-0.404062	-0.463357	-0.887744	-0.626206
-0.293154	0.570063	0.776213	0.673564	-0.409655	-0.365902	-0.101790	1.811694
-0.305938	-0.028913	-0.387940	-0.234734	0.605581	0.009136	0.362850	1.061312
-0.317752	-0.765361	-0.632889	-0.058415	-0.510095	-0.596010	-1.161819	-4.029052
0.510904	0.485573	-0.716509	0.016650	-0.675964	-0.822259	-1.475841	-0.812805
-0.248558	-0.772782	-0.872020	0.148701	0.337311	0.799264	1.281750	2.210871
-0.833051	0.494887	0.856061	0.071255	-0.713364	-0.391509	-1.041191	-0.356671
0.169362	0.574886	0.478693	-0.731108	-0.431387	-0.796664	-1.958176	-2.395885
-0.906060	0.737250	0.111185	0.653791	-0.773174	-0.346081	-0.467190	0.333863
-0.230295	0.416010	-0.746175	-0.737702	0.730120	-0.271677	-0.268084	-0.432129
0.448701	0.987485	-0.867410	0.332148	-0.889619	-0.207869	-0.762251	1.573279
-0.124637	0.882145	-0.252639	-0.921780	-0.346187	0.266934	-0.993745	0.549178
-0.263364	-0.074063	-0.177565	0.253988	0.619692	-0.680905	0.190335	1.088559
0.614468	0.480775	0.206261	0.770493	-0.945983	0.052195	-0.129591	2.083651
-0.096365	-0.691668	-0.384525	-0.772323	0.722090	-0.935538	-0.977988	-1.803463
0.552557	0.187539	-0.771442	-0.334898	0.349373	0.535871	0.564470	3.481021
0.845007	0.783328	0.660261	0.181043	0.753981	0.421383	1.362650	7.239879
0.177347	-0.076363	0.671394	-0.157044	-0.070745	-0.290026	-0.531477	0.504888
0.888247	0.612972	0.141445	0.273279	-0.076633	-0.180566	0.029554	2.535279
-0.798830	0.095700	0.153632	-0.009667	0.074796	0.652664	0.716342	1.551078
-0.961426	0.251701	0.510432	0.256093	0.471713	-0.801369	-0.072788	2.484796
-0.039483	0.771822	0.509060	0.588294	0.326608	0.024054	0.944985	3.306042
0.496796	0.373073	-0.108309	-0.438083	0.809540	0.806646	1.184865	4.830795
0.744759	0.212682	-0.309688	-0.955481	-0.196179	0.332505	-0.824801	-0.924320
-0.546617	0.432105	-0.383027	-0.024775	0.274056	-0.420228	-0.157299	0.351305
0.326520	0.255630	-0.651381	0.877374	-0.798336	-0.110434	-0.031454	0.554450
-0.456482	0.509335	0.293945	-0.561859	-0.514394	-0.582044	-1.636693	-1.642485
-0.455185	0.335927	-0.410799	0.204105	0.210798	-0.670072	-0.258907	0.939378
-0.866829	0.454245	-0.212720	0.191415	-0.291898	-0.432228	-0.528261	0.547378
-0.297808	-0.416686	-0.951536	0.954371	-0.521251	0.812882	1.242332	1.456306
-0.754519	0.072242	0.914519	0.551293	0.185055	0.067743	0.793038	1.650126
-0.165956	-0.091617	0.021716	0.774812	0.149173	0.923409	1.837907	4.674322
0.571028	0.335645	-0.133956	0.598172	0.728706	-0.381173	0.932433	3.606317
-0.960351	0.049597	0.211295	-0.625785	-0.477867	-0.017796	-1.114893	-2.398855
0.346934	-0.339072	-0.875621	-0.927210	0.158281	-0.973363	-1.733815	-3.634981
0.098788	-0.064266	-0.077931	-0.817699	-0.349568	0.677770	-0.502087	-1.185664
0.796373	0.227793	-0.653671	-0.470949	0.311314	-0.159356	-0.309573	0.319015
0.105434	-0.833315	-0.562966	0.583659	-0.278547	-0.052624	0.250973	0.088647
-0.167720	-0.602000	0.120859	-0.616028	0.334646	0.691433	0.415270	1.634923
-0.144450	-0.501248	0.682320	-0.561317	-0.897140	-0.598785	-2.058687	-3.607666
-0.330986	-0.009176	0.021590	-0.494578	0.172888	-0.886517	-1.213280	-1.731905
0.030066	-0.835880	0.266684	-0.657411	0.689151	-0.036477	-0.021456	0.657840
-0.807802	0.051679	-0.873439	0.030874	-0.195737	0.757578	0.586888	0.523411
0.392112	-0.025424	0.546364	-0.101721	-0.467459	0.151128	-0.404044	1.234482
0.076523	-0.822782	-0.459667	0.126261	0.253102	-0.036177	0.342208	0.908969
0.865555	0.004380	0.446522	-0.789164	-0.374755	-0.061143	-1.238414	-0.295858
-0.562950	0.932851	-0.447317	0.180850	-0.951853	-0.076340	-0.859929	0.203009
-0.997173	0.840943	-0.224467	-0.678480	-0.716999	0.883518	-0.505732	-1.293223
0.411240	0.596067	0.930628	-0.243673	0.694942	0.507290	0.967806	4.547301
0.469120	0.595392	0.852383	-0.367475	-0.385287	-0.736562	-1.489451	1.265214
-0.488672	0.678336	0.046566	0.875736	-0.655928	-0.601556	-0.397610	1.042961
0.172041	0.763647	0.945870	0.657865	-0.008760	0.483834	1.136984	4.229114
0.353967	0.741344	-0.835707	-0.335114	0.068005	-0.981034	-1.252308	-0.433145
0.609828	-0.930225	-0.561595	-0.792507	-0.163867	-0.449833	-1.413239	-3.838274
0.572033	-0.803829	0.598806	0.232854	0.593511	0.695926	1.524675	4.588830
0.639187	0.770666	0.418598	-0.124713	-0.924869	-0.337769	-1.379516	-1.086440
0.154342	0.963682	0.367789	0.818157	0.110086	-0.440527	0.491601	3.151175
0.336986	-0.054256	0.734990	0.631577	-0.532123	-0.224569	-0.138741	2.562922
0.479888	0.082772	0.684653	0.268898	0.368987	-0.468763	0.173159	1.228663
-0.396806	0.271761	-0.167845	0.746288	-0.069247	0.607989	1.306151	4.669306
-0.821689	-0.339047	-0.698088	0.888301	0.693835	-0.558640	1.030666	1.299028
0.647339	0.576695	-0.287528	-0.300055	-0.756675	-0.652680	-1.716515	-0.229231
0.703408	-0.828093	-0.291262	0.325776	0.611591	-0.953586	-0.019141	0.029388
0.113927	-0.786136	-0.864327	-0.631524	-0.430736	0.710914	-0.348745	-1.629883
-0.068283	0.744416	0.573005	0.910402	-0.951379	-0.879099	-0.900618	1.033691
0.226360	-0.605410	-0.116237	0.381045	0.243750	0.714156	1.340626	3.201741
0.534792	0.340568	-0.494436	0.266410	-0.596374	-0.456981	-0.780054	-0.556115
-0.751030	0.053695	-0.305354	-0.857566	0.518448	-0.757201	-1.116957	-1.603619
0.716254	-0.420564	0.282677	-0.136882	-0.980658	0.561581	-0.545087	0.606050
0.490230	0.856235	-0.111906	0.827349	-0.523084	-0.467279	-0.169442	2.069881
-0.124210	-0.735267	0.925457	0.406141	0.890148	-0.661076	0.638322	1.633015
0.777790	-0.621322	-0.103675	0.097987	-0.967542	-0.620067	-1.498524	-2.337403
0.981086	-0.318690	0.119682	-0.415669	-0.853800	0.120124	-1.154907	0.222690
0.068994	0.565795	0.545100	-0.966331	0.132137	0.026809	-0.812485	0.858734
0.105988	0.310208	0.707017	-0.953709	0.564392	-0.373803	-0.761583	0.251280
0.034064	0.494988	0.176834	-0.855628	-0.220151	-0.895005	-1.954612	-2.857403
0.462514	0.833908	0.032176	-0.071249	0.071684	0.307408	0.316177	3.906844
0.518083	-0.192808	0.843916	0.212823	0.653304	0.199580	1.054390	3.847261
0.850209	-0.467449	0.963740	0.998086	0.511648	-0.588161	0.920263	4.626460
0.597772	-0.126406	0.147375	-0.342632	0.265780	0.655034	0.580893	2.838051
-0.171958	0.238398	-0.378336	0.869701	0.130821	-0.782341	0.213847	-0.006723
0.486630	0.316040	-0.484799	-0.498004	0.096680	-0.367910	-0.768278	-1.041213
0.107629	-0.365790	0.337315	0.487209	-0.560506	-0.806950	-0.878252	-0.792366
0.922994	-0.585337	-0.696066	-0.499423	-0.402159	0.347133	-0.570739	-0.872303
-0.111519	0.797037	-0.595855	0.658627	-0.000866	0.928272	1.573432	4.253974
0.119077	0.881497	-0.945520	-0.214763	0.997786	-0.821867	-0.046677	1.351187
-0.238554	-0.670430	-0.199396	0.775815	0.541370	0.555847	1.851941	3.818569
-0.916844	0.713434	0.975377	0.924477	0.892535	-0.588557	1.242213	5.104372
-0.642419	-0.853851	0.625437	0.527336	-0.176267	0.523007	0.865238	1.566033
-0.810078	-0.014990	-0.185697	-0.909565	0.273182	-0.211641	-0.839355	-0.997706
0.890377	0.586775	-0.885437	0.510195	0.170168	0.412120	1.084168	4.641823
-0.015010	-0.424446	0.874353	0.051134	0.643891	-0.147291	0.535868	2.588676
-0.760514	0.060906	0.469434	-0.799431	-0.062428	0.274837	-0.578446	-0.265512
-0.993585	0.066288	0.308438	0.102316	0.375179	-0.469380	0.008109	1.713321
-0.571458	0.488304	-0.838051	-0.222442	-0.927266	0.608120	-0.531089	-0.333329
-0.707568	-0.253939	-0.085534	-0.032943	-0.573653	-0.233304	-0.835079	-1.973633
0.344121	0.672489	0.562284	0.473426	-0.355411	0.582627	0.711147	5.370744
0.985534	0.458884	0.933883	0.949047	-0.937932	0.626801	0.637586	4.481221
-0.633904	0.719933	0.224078	0.662123	-0.326030	0.837119	1.157531	4.053830
-0.623005	0.273138	0.245282	0.634295	0.804000	0.027964	1.465861	3.659212
-0.357446	0.458390	-0.647953	0.241500	-0.495863	0.051540	-0.191579	-0.097823
-0.648955	-0.599427	0.236724	-0.380313	-0.956011	0.739924	-0.589750	-1.720335
0.178827	-0.275321	0.090231	0.252707	-0.388982	-0.749620	-0.907403	0.385547
-0.572565	0.326053	0.838821	0.110366	-0.566736	0.091966	-0.356715	1.054160
0.120249	-0.592911	-0.270101	0.649664	-0.942413	0.708494	0.394348	0.935492
0.447064	-0.478577	0.011763	-0.573214	0.869840	-0.183876	0.112814	0.575458
0.805727	0.328732	-0.643991	0.237547	0.595591	-0.995640	-0.152246	-0.311982
0.147143	-0.072726	0.156372	0.143443	-0.303907	0.842003	0.682416	2.161889
0.694783	0.629102	0.797631	-0.956196	0.619602	0.034537	-0.278860	2.686521
-0.547707	-0.974804	-0.727342	0.315612	0.217459	0.410389	0.947355	0.677898
0.422835	0.851820	0.020102	0.035976	-0.189606	-0.526084	-0.665309	0.908023
-0.080212	-0.480901	0.341367	0.809208	-0.753358	-0.507278	-0.444332	-0.818423
-0.353328	-0.440624	0.609821	0.731747	0.136823	-0.224360	0.659063	2.241058
0.955344	0.109976	-0.737006	0.055474	-0.849198	0.992457	0.204194	1.408702
0.888728	-0.993848	0.582381	-0.429995	-0.653860	0.124401	-0.952803	-1.003979
0.897163	0.756296	0.218092	-0.957275	0.341147	0.346280	-0.258484	1.435447
0.470841	-0.522861	-0.166885	0.651976	-0.752804	0.731301	0.622311	1.918653
-0.867243	-0.346469	-0.359636	0.920696	-0.696271	0.658226	0.878596	0.052227
-0.245011	0.137700	-0.493108	-0.190133	-0.756893	-0.085800	-1.048381	-2.627464
0.560876	0.288726	0.266353	0.188122	-0.099681	0.174549	0.266696	2.646354
-0.629394	0.766768	0.056927	0.399972	0.386149	-0.774302	0.012036	2.462798
0.364188	0.780398	0.595971	-0.575670	-0.514602	0.649389	-0.429170	1.061230
0.765332	-0.616620	-0.148682	0.394862	0.993493	0.075524	1.463454	3.335034
-0.466232	0.609713	-0.417305	-0.568128	-0.529696	-0.413607	-1.520069	-1.397356
-0.007088	0.530983	-0.881349	0.360019	-0.990198	-0.253519	-0.885002	-0.805788
-0.133104	0.571912	0.337964	0.824667	-0.348802	-0.849946	-0.361161	1.209831
-0.157091	-0.345701	0.591209	0.170038	0.096387	-0.998384	-0.719482	0.160558
-0.908316	-0.408330	0.771873	0.381866	0.346440	0.883552	1.609612	3.557656
0.891498	0.542287	-0.421959	-0.329670	-0.116567	-0.275501	-0.709176	-0.042431
0.390466	0.892283	0.362504	0.884583	-0.451039	0.117104	0.540870	4.848502
-0.025661	0.035163	-0.331884	-0.882156	0.140603	0.205658	-0.529238	-0.225128
-0.275971	0.684560	-0.014601	-0.211802	0.221923	0.319347	0.323091	1.884576
0.994932	-0.033550	0.793527	-0.429689	0.662783	0.309086	0.547726	3.178016
0.959467	0.755452	0.137894	-0.962688	-0.332493	-0.776073	-2.058897	-2.146579
0.451597	-0.673630	0.096001	0.320293	0.250486	-0.737138	-0.172843	0.130430
-0.120487	-0.310916	0.777941	0.577884	-0.898973	-0.305020	-0.608386	1.147045
0.562377	0.649162	-0.170189	0.265952	-0.853758	0.203932	-0.381495	1.458109
-0.618223	-0.809768	-0.395925	0.820528	0.752522	-0.425865	1.142644	1.669818
-0.835862	-0.636208	0.733250	0.346546	0.294700	0.356173	0.998402	1.768844
-0.229420	-0.753691	-0.038397	0.182939	-0.918770	-0.990347	-1.730147	-4.132857
-0.526857	0.079758	0.559784	0.757583	0.163057	-0.458725	0.464913	2.530907
-0.128340	-0.716270	-0.092882	-0.488619	-0.071510	0.954713	0.404530	0.618957
-0.806297	-0.876998	0.849964	-0.572485	-0.124883	0.497858	-0.204779	-0.522817
0.824153	-0.160066	-0.526475	-0.287785	-0.137524	-0.306414	-0.726915	-0.497066
-0.081747	0.126252	-0.113071	-0.218326	-0.139426	0.617665	0.256801	2.726600
0.368502	-0.341919	0.222901	-0.236532	0.065788	0.218812	0.048942	0.716313
0.996665	-0.182967	0.748278	0.209931	-0.257949	-0.021518	-0.061360	2.628046
-0.315087	-0.659679	-0.602507	0.843846	-0.529697	-0.238575	0.062404	-1.050782
-0.158599	-0.249002	-0.224472	0.474598	-0.173648	-0.284645	0.019185	2.200946
0.646621	-0.319571	0.002868	-0.433932	-0.796545	-0.334194	-1.573066	-2.432901
0.813301	0.954624	-0.829477	-0.665355	0.236381	-0.323643	-0.746231	1.014914
0.965818	-0.278830	0.696852	-0.200241	0.994786	-0.592797	0.196713	1.762546
-0.305518	0.686027	-0.053332	0.084470	-0.419696	-0.926549	-1.266957	-0.362948
0.111892	0.604533	0.436124	0.840386	0.124711	0.250220	1.212465	5.002560
-0.470632	-0.112299	-0.451567	0.129356	0.570286	0.172557	0.871398	2.285749
0.478045	-0.872031	0.300592	-0.067259	0.943650	-0.720636	0.154218	2.185177
0.431770	0.837770	0.910306	0.111188	0.153813	0.487322	0.755783	4.624560
-0.242997	-0.080479	-0.598166	0.298575	0.967873	-0.237518	1.026116	2.495036
-0.324627	-0.758237	0.089408	-0.938418	-0.492263	-0.786407	-2.201870	-4.906227
0.520592	0.260662	0.056164	0.203052	-0.865604	-0.781964	-1.441913	-1.284730
0.128940	-0.723032	-0.281420	-0.067866	0.643546	0.316447	0.884046	2.086452
-0.885812	-0.077392	-0.163722	-0.031140	0.453151	-0.199424	0.224989	-1.115382
-0.641277	0.103359	0.943812	-0.422388	-0.703025	0.462403	-0.664830	-0.679711
0.847608	0.232417	0.307642	-0.781647	-0.288455	0.763555	-0.320022	1.671882
-0.082405	-0.865503	0.715407	-0.455985	-0.807527	0.720884	-0.540627	0.365428
0.825409	-0.593340	0.505465	0.434941	-0.157942	0.629655	0.911510	4.664174
0.049615	0.934337	-0.335124	-0.141154	-0.748036	0.596009	-0.296433	1.962782
-0.454381	0.836506	-0.971624	-0.779589	0.283050	-0.876641	-1.366606	-3.458962
-0.548937	-0.250879	0.176587	-0.075245	0.480101	-0.068399	0.333025	0.026803
-0.350084	0.506520	-0.219116	0.908849	0.438895	-0.079250	1.265817	2.995208
0.327532	-0.339188	-0.863804	-0.776016	-0.569154	0.049830	-1.304855	-2.125846
0.966499	0.100412	-0.235667	-0.784212	-0.319225	-0.310960	-1.413693	-1.364941
-0.170122	-0.706809	-0.206334	-0.236922	0.433200	-0.516471	-0.321667	-0.385801
-0.077627	-0.488826	-0.542619	-0.229598	-0.787390	0.514194	-0.494624	-1.726233
0.277297	0.429749	-0.038508	-0.419856	0.570684	-0.953360	-0.799801	0.045210
-0.551329	-0.853027	0.045578	0.694759	-0.086464	-0.867757	-0.262835	-1.344912
-0.132609	0.487005	0.463085	-0.917354	-0.598058	-0.604442	-2.119158	-1.735482
-0.243326	0.008925	-0.529013	0.871703	-0.326734	-0.278680	0.260767	0.040526
0.533792	-0.333677	-0.667494	-0.027854	0.207515	0.491241	0.668546	1.726854
0.049656	-0.030391	0.845569	0.334250	0.293494	-0.056954	0.582086	3.557499
0.129443	-0.290715	0.232494	-0.494462	0.467171	-0.299450	-0.329959	0.850032
0.191898	0.108643	0.566392	-0.725710	0.553704	0.294597	0.114134	2.158935
0.294253	0.125936	0.590878	0.853915	-0.503441	-0.652138	-0.316361	1.732840
-0.558134	-0.411094	-0.629372	-0.654870	-0.783645	-0.564108	-1.991841	-4.259173
-0.333921	0.439961	0.292457	0.733197	-0.968779	0.558855	0.320360	2.711861
-0.369328	0.805354	-0.312304	0.440411	-0.340866	0.051820	0.153620	1.877782
0.726467	-0.502997	0.074393	0.674215	-0.832729	-0.842118	-1.009778	-0.811496
-0.771172	0.867937	0.888196	-0.114408	-0.966514	0.650666	-0.433960	-0.023062
-0.127179	-0.793785	0.124471	0.726236	-0.375933	-0.047746	0.308136	1.854941
0.628436	0.162564	0.000082	0.583765	0.157478	0.743344	1.488129	4.492768
0.680378	-0.479511	-0.627769	-0.240930	0.230787	0.202384	0.195423	0.594104
-0.668488	-0.060970	0.394840	0.000061	0.839418	0.820129	1.645255	3.862040
-0.902232	0.841563	0.899598	0.670378	0.099055	0.203414	0.966458	3.916113
-0.176968	-0.394623	-0.347336	0.522449	0.767188	-0.038733	1.248451	2.679389
0.994421	-0.207513	0.512323	0.534815	-0.565448	0.242273	0.198437	1.428109
0.659940	0.139025	-0.504955	0.285722	-0.911095	-0.001654	-0.624276	0.479164
-0.713374	-0.981014	0.351537	-0.947905	-0.172434	-0.509897	-1.624918	-2.449702
0.468824	0.930083	-0.737962	0.883703	-0.176884	0.498384	1.210080	3.859517
-0.806110	-0.040331	-0.950906	0.524748	0.838796	0.812848	2.191951	3.713332
-0.524809	-0.326876	0.577705	0.071160	0.465821	0.125191	0.669753	2.076099
-0.828848	0.436771	-0.536254	-0.417941	0.256665	-0.850019	-1.010786	-2.552310
0.342444	-0.645733	0.620272	0.911908	0.958514	0.692754	2.559932	6.840572
0.003257	-0.583303	0.635981	-0.907952	0.229655	-0.199284	-0.882461	-0.169124
0.133617	-0.361864	0.505458	0.459347	0.931022	-0.702385	0.694632	3.869273
0.535914	-0.714525	0.318486	-0.163352	-0.199914	0.413972	0.034077	1.264472
0.687899	-0.900043	0.528036	0.585695	0.791441	-0.898178	0.476569	3.396325
0.805972	0.249093	-0.536212	0.221314	-0.022136	0.115472	0.313057	2.542286
-0.928925	0.245040	0.375932	0.450155	0.085376	0.878726	1.430243	3.408701
0.629456	-0.835468	-0.835966	-0.490252	0.148922	0.413997	0.082179	0.088672
-0.265383	0.664971	0.277185	0.617629	0.114971	0.833767	1.567649	5.192798
-0.933871	0.371728	-0.770764	-0.602870	-0.879796	0.809193	-0.672522	-1.009000
0.516022	0.919467	-0.255924	0.459399	0.177087	0.797138	1.425167	4.862595
-0.676579	-0.378661	0.489645	-0.258317	-0.537175	-0.250825	-1.040363	-1.551208
0.847611	-0.986112	-0.547122	-0.538542	-0.378085	-0.076783	-1.001745	-2.937388
0.319484	0.450474	0.649909	-0.329811	0.612527	0.994463	1.274009	5.757354
0.831610	0.072768	0.167426	0.604803	-0.541383	0.896963	0.956464	4.046769
-0.118878	0.439826	0.651900	0.155849	0.595094	-0.309873	0.430087	2.974848
0.397933	0.256252	0.222979	0.369942	-0.536526	-0.254789	-0.406283	2.897382
0.667027	0.735549	0.329208	0.071453	-0.152591	0.082190	0.012434	3.774012
-0.165118	-0.737323	-0.597245	-0.007124	-0.640430	0.160644	-0.481257	-1.564302
-0.669363	0.451617	0.600521	0.334440	-0.464661	-0.173172	-0.288868	0.548413
-0.528923	-0.319827	-0.743903	0.743069	-0.879252	-0.432319	-0.582768	-1.800165
0.274205	-0.695634	0.567739	-0.331679	-0.464078	0.108433	-0.696521	-1.103342
0.695359	0.726459	-0.305183	-0.050802	0.840536	0.886476	1.669287	5.187218
-0.086945	0.233081	-0.191220	-0.183023	0.485237	0.890986	1.193893	2.851797
0.462368	0.144323	0.963788	-0.640287	-0.829795	0.434650	-1.045479	0.266387
-0.355048	-0.173692	0.905119	-0.403520	-0.505985	0.297703	-0.613703	1.485030
0.624729	0.454818	0.194675	0.377595	-0.720173	0.117761	-0.212119	2.060317
0.755766	0.762480	0.247780	0.274680	-0.105077	0.985151	1.164127	5.699546
0.829285	0.016049	0.916256	0.275184	0.149207	0.218622	0.643320	3.974093
0.692789	-0.508350	0.787296	-0.167058	-0.426936	0.823348	0.238290	2.109863
0.718526	-0.835491	-0.417861	-0.030255	0.027541	0.455810	0.462332	1.288935
0.523771	-0.462117	0.726623	0.069384	0.366312	0.061921	0.497665	2.304960
0.016765	0.250840	0.221169	0.296467	0.737962	-0.548350	0.473888	2.822862
-0.911056	0.085884	-0.366398	0.884186	-0.133121	-0.505214	0.260824	-0.478926
0.472652	-0.644127	-0.511532	-0.926481	-0.279550	0.053161	-1.144484	-1.807876
0.510853	-0.576379	0.209306	-0.975746	-0.865669	-0.634235	-2.491800	-4.055750
-0.946088	-0.002979	0.164353	-0.634671	0.057299	0.411493	-0.157859	-0.860154
-0.357037	0.191408	-0.199343	0.832905	-0.676768	0.281302	0.440322	0.565650
-0.575243	0.113678	0.445873	-0.105984	-0.586857	-0.833966	-1.550355	-2.696578
0.018661	0.859576	-0.253699	0.755624	-0.787392	-0.876653	-0.907089	-0.537200
0.259792	-0.164850	0.200133	0.290717	-0.102033	0.994925	1.181043	3.335859
0.378923	-0.156036	-0.937571	-0.053940	0.602502	-0.620449	-0.061508	-0.295007
0.617746	0.414150	0.660728	0.310567	-0.946928	0.376399	-0.269101	1.845384
0.167139	0.850601	0.022861	0.155815	-0.988747	0.239353	-0.596020	0.876344
0.204511	-0.494339	-0.847073	-0.146211	-0.061709	0.828221	0.616699	1.188173
-0.278257	-0.498080	0.211483	0.141251	0.671418	-0.602974	0.217299	0.041632
-0.617156	-0.876337	-0.277119	-0.021899	0.981682	-0.986022	-0.029457	-1.174192
0.103027	-0.853047	-0.068478	-0.169862	0.281821	0.429156	0.530898	0.221324
0.137120	-0.746069	-0.318186	-0.760664	-0.463979	-0.541351	-1.761866	-1.994054
-0.105803	-0.832501	0.676149	-0.039315	0.458725	0.488086	0.877455	3.388374
-0.921546	0.400793	0.420315	-0.369225	0.507464	0.288693	0.434670	2.249641
0.804986	0.407682	0.785840	-0.951429	0.793188	-0.416002	-0.587058	-0.151496
-0.704574	0.715899	0.666223	0.613344	-0.436101	0.758731	0.969790	3.781848
-0.366069	0.306834	0.871466	-0.076841	-0.872451	0.288627	-0.665100	0.796787
0.863227	-0.144242	0.567760	0.354983	-0.935926	0.832499	0.255259	2.876775
0.835032	-0.889823	0.506538	-0.638774	0.725903	-0.063794	0.030188	1.136624
-0.810743	-0.007022	-0.288844	0.282352	0.791222	-0.702531	0.360014	0.919324
-0.315146	0.123504	0.525668	-0.956553	0.273861	0.953034	0.272858	1.922416
-0.937075	-0.155350	0.222306	0.347649	-0.392989	-0.443447	-0.490086	-0.551405
-0.705477	0.141057	-0.306249	0.094014	-0.633523	0.829782	0.290206	-0.337439
0.514875	0.383943	0.591111	-0.979996	-0.867008	0.067563	-1.781489	-1.266548
0.298796	0.683573	-0.481488	-0.034752	-0.945603	-0.281388	-1.260134	-1.149802
-0.661503	-0.108919	-0.441278	0.048954	0.712505	0.675888	1.433174	2.542100
-0.893813	0.467069	-0.663062	0.949549	0.104179	0.832066	1.896908	5.066332
0.890205	0.892309	-0.925107	0.471284	0.752100	-0.068393	1.145587	3.824261
-0.169112	-0.933213	0.817458	0.906741	-0.973583	-0.204104	-0.259862	0.308450
-0.358937	0.203654	0.618915	-0.319575	-0.804352	0.570566	-0.555971	0.074884
0.094349	0.531982	-0.220880	0.188392	-0.018670	0.892103	1.073282	2.417380
0.972844	0.210979	-0.821787	0.089673	0.231865	-0.768701	-0.443571	0.248035
-0.297518	0.095455	0.763789	0.546795	0.655898	0.367743	1.594253	4.873991
0.373765	0.888515	0.870128	0.986158	0.422118	0.773827	2.188466	7.839417
0.236847	-0.214713	-0.468295	0.788244	-0.987655	0.216166	0.017303	0.711328
-0.782236	0.100832	-0.114953	-0.488587	0.838608	0.936845	1.288949	2.286525
-0.628086	-0.080826	-0.312100	-0.795503	-0.886370	0.825594	-0.855215	-1.924243
-0.398067	-0.032304	-0.122600	0.350827	-0.511623	0.276107	0.094907	0.924696
-0.336060	0.341857	-0.965214	-0.114478	-0.175020	-0.806536	-1.108955	-2.001022
0.981309	0.273934	-0.930811	0.344439	0.114211	0.103681	0.554287	3.360518
0.712523	-0.039186	0.792179	0.077646	-0.407542	0.855623	0.534673	2.696739
0.748071	0.906634	0.988588	0.213237	0.697224	-0.212473	0.692999	4.164273
-0.771958	-0.090199	0.174523	0.691897	-0.226231	-0.741615	-0.291061	1.024048
0.290287	-0.321231	-0.076739	-0.394371	-0.656744	0.016935	-1.040879	0.496309
0.140218	-0.165549	-0.615673	-0.856696	0.731499	-0.884159	-1.003906	-1.548579
-0.297361	-0.850045	-0.830831	0.077019	-0.862380	-0.532585	-1.306078	-4.122664
0.715427	-0.333463	0.946365	0.148285	0.152648	-0.955068	-0.675615	1.592321
-0.043584	0.477051	-0.118518	-0.642207	-0.133247	0.923999	0.133329	1.882756
-0.794048	0.231548	0.420010	-0.376710	-0.451187	0.987944	0.156087	1.326246
0.771976	-0.659472	0.185788	-0.819922	0.481118	-0.336197	-0.686349	0.244889
-0.111223	0.436732	-0.440930	-0.627371	0.611454	0.084514	0.068893	0.444269
-0.180166	0.643116	-0.412523	-0.123736	0.116744	-0.692841	-0.705909	-0.265688
-0.328811	0.551725	-0.422533	-0.086775	0.666784	-0.402302	0.184604	1.583944
-0.548757	0.551595	-0.526349	-0.565189	0.777119	0.128384	0.345364	1.093780
-0.943208	-0.315451	-0.263514	0.915221	0.742308	-0.069744	1.579281	3.014094
0.555919	0.355414	0.647233	-0.244560	0.565780	0.398406	0.726133	4.215121
-0.642589	-0.261003	-0.760360	-0.292880	0.170488	0.708747	0.584057	0.779565
0.093342	0.026979	0.582680	-0.840101	-0.516363	-0.575972	-1.938626	-1.284806
0.321378	0.363042	0.626375	0.119945	-0.641120	0.016317	-0.510864	-0.116293
-0.847596	0.392939	0.996599	-0.423420	-0.135993	-0.227098	-0.784512	0.596934
-0.711704	0.615597	0.397627	-0.495170	0.317935	-0.444501	-0.594610	0.623620
0.357877	-0.451582	0.518162	-0.831740	0.019202	-0.283265	-1.100533	-1.457366
0.859833	0.292956	-0.969639	0.813369	-0.010968	0.870246	1.661176	4.727334
-0.279169	-0.852705	0.876454	-0.409606	0.439074	0.689131	0.719603	1.861022
0.066959	-0.845070	0.788447	-0.300423	0.946447	-0.282066	0.339988	1.744980
-0.210953	-0.101801	0.908280	0.810299	0.886233	0.500838	2.193311	6.476455
0.427327	0.632908	0.500851	0.853505	0.833763	-0.193399	1.494314	5.549045
-0.895832	-0.825381	0.296634	-0.245980	0.323459	0.287501	0.364324	-0.004709
0.361685	-0.165868	-0.488117	-0.207881	0.675199	0.267336	0.721079	1.015169
0.531491	0.690168	-0.079724	0.950549	0.437885	-0.163450	1.227778	4.923213
-0.023318	-0.186305	0.830630	0.600319	0.558877	-0.104549	1.063061	3.676641
0.241071	-0.770327	-0.637867	0.353168	0.586433	0.355346	1.293955	1.763872
-0.886492	0.873044	-0.547394	0.896035	0.243393	-0.199265	0.941092	2.187190
0.741540	-0.669733	-0.966106	-0.078263	0.934637	0.284841	1.128748	3.903879
0.964901	0.323249	-0.481446	0.447656	-0.655113	-0.553363	-0.750793	0.544438
-0.573604	-0.787564	-0.235021	-0.834164	0.976205	-0.941201	-0.798458	-1.681375
-0.026163	0.689710	-0.261594	0.636143	-0.815886	-0.906257	-1.102454	-0.715231
-0.572937	-0.533269	-0.975125	-0.223214	0.081009	0.067880	-0.085861	-0.545488
-0.047743	-0.835601	-0.022443	0.410005	-0.792309	-0.548069	-0.932010	-1.751027
0.309422	0.623398	-0.014431	-0.726866	0.166186	0.241087	-0.337064	0.639126
-0.874354	0.372132	-0.346240	0.556265	-0.673248	-0.788417	-0.900929	-0.977579
0.745299	0.678577	-0.404249	0.790363	0.859283	0.050835	1.711799	6.155152
0.964285	-0.986552	-0.892149	0.284000	-0.574689	0.875075	0.589125	0.317030
0.024828	-0.171363	0.029001	0.846631	-0.572917	0.458027	0.729093	3.351246
0.815378	-0.163958	0.959672	0.002161	0.263114	0.503606	0.777454	3.511755
0.182505	-0.889579	0.624751	-0.547670	-0.004135	-0.735661	-1.288449	-0.645705
-0.986409	0.678979	0.168197	-0.406555	-0.043181	-0.839568	-1.280683	-1.769994
-0.212965	-0.538842	-0.498489	0.755245	-0.021662	-0.021624	0.723548	1.081884
0.993889	-0.469413	0.212942	0.108265	0.004055	-0.635749	-0.527070	0.583082
-0.198189	0.601841	-0.298870	0.823054	0.698471	0.118850	1.651185	3.232266
0.319286	0.258032	0.838482	0.146176	0.220321	-0.697637	-0.332000	2.175225
-0.732094	0.850543	0.200420	0.188487	-0.649967	0.854180	0.394740	2.858899
0.048830	-0.107150	-0.838550	0.817128	-0.278499	0.527799	1.064047	1.673031
0.248247	-0.108175	-0.606348	0.531403	-0.738355	0.160593	-0.061827	0.444994
0.445732	0.988828	-0.593531	0.441769	-0.069335	0.800800	1.161563	3.797328
0.233713	0.416198	0.720245	-0.905883	-0.727004	-0.746378	-2.384814	-3.073717
0.681752	-0.279059	0.411613	-0.327927	-0.605232	-0.347250	-1.302050	-0.675719
0.086327	0.102566	0.451636	-0.970688	-0.353172	0.985722	-0.336011	1.689465
-0.705941	-0.218637	-0.335814	-0.598073	-0.674597	0.017691	-1.268872	-1.826162
0.197093	0.260533	0.274182	0.111319	-0.644871	-0.632373	-1.165004	0.138541
0.122398	-0.443489	0.990119	0.836409	-0.754366	-0.885003	-0.796733	-0.089714
-0.658477	-0.113966	0.302248	0.481256	0.693743	0.552719	1.715230	3.133191
0.220319	0.345103	0.703998	0.905327	-0.941476	0.661926	0.618775	4.169904
-0.254858	0.516979	0.712116	0.988644	-0.524633	0.790842	1.242532	5.591652
0.760147	0.120837	0.281959	0.653016	-0.154000	0.575304	1.072762	4.944417
-0.034399	-0.665370	-0.362080	-0.836999	-0.573213	0.551506	-0.851407	-2.682253
-0.452112	0.849583	-0.716557	0.230199	-0.792758	-0.979753	-1.545418	-1.739066
0.127582	0.749147	-0.475768	-0.707823	-0.011607	-0.033340	-0.744916	0.271612
0.344073	-0.288961	0.937421	-0.510516	0.424426	-0.045185	-0.135363	1.337293
-0.420231	0.324219	-0.028868	-0.713435	-0.237281	0.339832	-0.603823	-0.714207
-0.397881	0.371321	0.633374	0.894390	0.610084	-0.791375	0.700831	3.971178
-0.934884	-0.929946	-0.769602	0.830702	-0.096975	-0.184040	0.569599	-0.807534
-0.196475	0.909741	0.988628	0.468512	-0.444540	-0.148247	-0.123418	3.606897
0.929234	-0.561343	-0.154608	-0.879472	0.243979	0.328655	-0.317768	-1.128177
0.067228	0.090976	-0.679923	0.688581	0.204691	-0.219927	0.682256	1.597018
-0.393196	-0.675944	-0.759825	-0.771301	-0.888360	0.585848	-1.074108	-3.781546
-0.807598	-0.344983	0.159403	-0.112983	-0.067088	0.682721	0.499561	0.402393
-0.934343	-0.912933	0.942109	0.049343	-0.219309	0.483464	0.318577	1.511382
-0.571360	0.893042	-0.196554	0.324081	-0.197251	0.271229	0.404264	1.369677
-0.300988	0.697642	-0.563679	-0.387782	-0.298552	0.982735	0.305192	1.372148
-0.459338	-0.328145	0.305788	-0.719129	-0.001802	-0.910393	-1.637977	-3.707363
-0.450631	0.871067	-0.185309	0.342527	0.518998	0.676720	1.559751	5.407053
0.689175	-0.817427	0.948824	-0.362114	-0.939641	-0.805042	-2.104855	-2.060370
0.883149	-0.972197	0.652667	-0.140784	-0.124508	-0.367195	-0.638022	0.561017
-0.977011	-0.064637	-0.939955	-0.360339	-0.171177	-0.434288	-0.982815	-3.468135
0.944172	-0.219663	0.084023	-0.694197	-0.553217	-0.856509	-2.098381	-1.595826
0.280635	-0.716953	0.350856	-0.688593	0.489632	0.287040	0.093489	0.265758
0.992833	-0.937623	0.398171	0.784750	-0.887248	-0.941275	-1.050219	-1.990477
0.722832	-0.396067	-0.807403	0.140042	-0.775832	0.573586	-0.073830	0.497204
-0.377587	-0.243527	0.200353	0.566263	0.844905	0.310097	1.708488	3.982960
0.018158	0.157955	0.813179	-0.958105	0.382949	0.994298	0.420130	3.403921
